Instituição;Código;TCB;SR;TD;TC;Cidade;UF;Data;Ativo Total;Carteira de Crédito Classificada;Passivo Circulante e Exigível a Longo Prazo e Resultados de Exercícios Futuros;Captações;Patrimônio Líquido;Lucro Líquido;Número de Agências;Número de Postos de Atendimento
BB;49906;b1;;C;1;BRASILIA;DF;09/2000;142.378.212;44.230.150;134.476.537;106.283.399;7.901.675;373.091;2.906;1.434
CAIXA ECONOMICA FEDERAL;360305;b1;;I;1;BRASILIA;DF;09/2000;125.460.744;73.693.729;122.020.871;73.338.885;3.439.873;-520.676;1.697;235
BANCO NACIONAL DE DESENVOLVIMENTO ECONOMICO E SOCIAL;33657248;b4;;I;1;RIO DE JANEIRO;RJ;09/2000;95.203.343;68.853.122;83.352.610;62.217.228;11.850.733;157.835;5;0
BRADESCO;10045;b1;;C;2;SAO GONCALO;RJ;09/2000;79.112.325;33.466.552;72.021.781;57.324.497;7.090.544;330.982;2.498;431
ITAU;10069;b1;;C;2;SAO PAULO;SP;09/2000;53.250.961;14.358.217;45.605.109;36.620.139;7.645.853;470.775;1.678;757
UNIBANCO;10100;b1;;C;2;SAO PAULO;SP;09/2000;35.628.861;15.113.665;31.147.825;25.717.761;4.481.036;208.627;737;362
BANESPA;30135;b1;;C;1;SAO PAULO;SP;09/2000;29.240.630;5.497.270;24.443.869;14.775.324;4.796.761;351.881;574;745
SANTANDER BRASIL;30379;b1;;C;3;SAO PAULO;SP;09/2000;27.482.171;6.605.697;25.419.113;18.312.736;2.063.058;36.985;433;161
ABN AMRO;10076;b1;;C;3;SAO PAULO;SP;09/2000;26.779.107;10.910.414;22.256.925;13.683.904;4.522.182;57.604;681;550
SAFRA;10083;b1;;C;2;SAO PAULO;SP;09/2000;23.316.538;5.948.180;21.908.347;18.316.928;1.408.191;84.649;81;9
BANKBOSTON;30300;b1;;C;3;SAO PAULO;SP;09/2000;18.554.997;5.224.522;17.429.434;10.714.361;1.125.563;69.085;91;15
HSBC;51152;b1;;C;3;CURITIBA;PR;09/2000;18.288.319;5.641.848;17.103.083;13.160.668;1.185.236;52.124;985;472
NOSSA CAIXA - NOSSO BANCO S.A.;43073394;b1;;I;1;SAO PAULO;SP;09/2000;18.244.866;2.060.543;17.192.704;15.444.184;1.052.162;63.558;485;111
CITIBANK;30403;b1;;C;3;SAO PAULO;SP;09/2000;15.994.612;6.756.964;13.975.131;9.017.683;2.019.481;119.379;88;4
SUDAMERIS;31330;b1;;C;3;SAO PAULO;SP;09/2000;15.166.403;6.849.830;14.436.512;11.136.332;729.892;14.928;308;85
BBA-CREDITANSTALT;50012;b1;;C;2;SAO PAULO;SP;09/2000;13.421.698;4.580.044;12.430.235;9.601.686;991.463;38.009;11;0
BILBAO VIZCAYA;50452;b1;;C;3;SALVADOR;BA;09/2000;10.016.886;2.174.921;9.358.859;7.048.647;658.027;13.832;331;33
MERCANTIL SP;20145;b1;;C;2;SAO PAULO;SP;09/2000;8.625.011;3.327.301;7.540.359;6.763.359;1.084.652;6.593;225;74
BANCO DO NORDESTE DO BRASIL S.A.;7237373;b1;;I;1;FORTALEZA;CE;09/2000;8.601.159;7.304.933;7.611.771;6.869.821;989.388;14.309;174;4
BANRISUL;30173;b1;;C;1;PORTO ALEGRE;RS;09/2000;7.270.930;2.543.368;6.699.940;5.892.841;570.989;27.275;368;206
VOTORANTIM;51011;b1;;C;2;SAO PAULO;SP;09/2000;7.064.582;569.581;6.661.585;5.878.320;402.996;26.807;7;0
LLOYDS;20121;b1;;C;3;SAO PAULO;SP;09/2000;5.697.825;1.392.541;5.156.402;2.250.176;541.423;18.453;23;0
BANDEIRANTES;10021;b1;;C;3;SAO PAULO;SP;09/2000;5.615.358;2.211.514;5.149.220;4.166.956;466.138;-28.357;181;245
CCF BRASIL;20200;b2;;C;3;SAO PAULO;SP;09/2000;4.210.768;881.067;3.705.029;2.090.612;505.739;1.193;11;0
BANCO SANTOS S.A.;58257619;b1;;I;2;SAO PAULO;SP;09/2000;4.134.656;938.072;3.927.950;3.766.447;206.706;4.716;4;1
CHASE;20107;b1;;C;3;SAO PAULO;SP;09/2000;4.073.066;293.125;3.348.889;1.901.642;724.177;23.116;14;1
BOAVISTA;20066;b1;;C;3;RIO DE JANEIRO;RJ;09/2000;3.997.080;1.610.054;3.371.816;3.049.806;625.264;-13.760;80;2
ALFA;51293;b1;;C;2;SAO PAULO;SP;09/2000;3.984.607;2.570.060;3.186.738;2.513.424;797.869;15.177;32;0
BANCOCIDADE;30104;b2;;C;2;SAO PAULO;SP;09/2000;3.872.957;645.323;3.668.233;3.269.070;204.724;794;27;3
BBM;30207;b1;;C;2;SALVADOR;BA;09/2000;3.845.997;205.682;3.302.379;2.267.021;543.618;36.217;9;0
FIAT;30692;b2;;I;3;SAO PAULO;SP;09/2000;3.803.035;2.461.715;3.124.153;1.826.158;678.882;34.810;17;0
PACTUAL;49944;b1;;C;2;RIO DE JANEIRO;RJ;09/2000;3.626.274;32.031;3.138.997;2.424.038;487.277;13.393;7;0
CSFB GARANTIA;30771;b1;;C;3;SAO PAULO;SP;09/2000;3.356.545;397.524;3.032.847;1.765.477;323.698;5.451;8;0
RURAL;31244;b1;;C;2;RIO DE JANEIRO;RJ;09/2000;2.990.544;1.661.413;2.603.430;2.102.276;387.115;20.356;44;27
FORD;51176;b2;;C;3;SAO PAULO;SP;09/2000;2.789.628;1.657.350;2.552.780;1.515.307;236.848;-9.417;10;0
GM;30795;b2;;C;3;SAO PAULO;SP;09/2000;2.546.544;1.732.421;2.336.688;1.614.441;209.857;12.149;3;0
VOLKSWAGEN;30764;b2;;C;3;SAO PAULO;SP;09/2000;2.510.777;1.830.334;2.286.057;1.489.550;224.721;7.938;11;0
DEUTSCHE;51183;b1;;C;3;SAO PAULO;SP;09/2000;2.409.679;446.240;2.149.225;585.105;260.454;13.177;5;0
MERCANTIL DO BRASIL;20152;b1;;C;2;BELO HORIZONTE;MG;09/2000;2.403.214;1.319.670;2.024.389;1.748.449;378.825;8.617;195;9
ABC-BRASIL;41856;b1;;C;3;SAO PAULO;SP;09/2000;2.360.829;1.104.145;2.076.877;1.652.271;283.951;9.989;7;0
BMC;30276;b1;;C;2;SAO PAULO;SP;09/2000;2.212.636;763.993;2.025.634;1.922.641;187.002;5.317;11;0
BANCO DA AMAZONIA S.A.;4902979;b1;;I;1;BELEM;PA;09/2000;2.169.031;281.951;1.910.357;1.151.391;258.674;22.301;82;8
DRESDNER;51059;b1;;C;3;SAO PAULO;SP;09/2000;2.101.037;1.044.539;1.867.000;1.260.359;234.037;10.636;10;0
BANESTES;30159;b1;;C;1;VITORIA;ES;09/2000;2.011.702;800.561;1.880.243;1.631.376;131.459;7.518;87;57
FIBRA;49951;b1;;C;2;SAO PAULO;SP;09/2000;1.930.348;299.392;1.611.246;1.350.028;319.103;8.297;3;0
MULTI BANCO S.A.;92791813;b1;;I;3;SAO PAULO;SP;09/2000;1.927.174;133.660;1.535.298;535.616;391.876;9.379;1;0
JP MORGAN;20279;b1;;C;3;SAO PAULO;SP;09/2000;1.883.876;0;1.468.876;762.814;415.000;24.726;4;0
EUROPEU;32078;b1;;C;3;SAO PAULO;SP;09/2000;1.877.403;297.265;1.693.244;1.136.971;184.159;6.984;4;0
BRASCAN;50885;b1;;C;3;RIO DE JANEIRO;RJ;09/2000;1.779.444;411.485;1.636.256;1.108.891;143.187;2.568;4;0
BNL;30513;b1;;C;3;SAO PAULO;SP;09/2000;1.754.201;811.982;1.589.786;1.263.734;164.415;6.228;10;0
BANCO REGIONAL DE DESENVOLVIMENTO DO EXTREMO SUL;92816560;b4;;I;1;PORTO ALEGRE;RS;09/2000;1.735.267;1.409.576;1.384.358;1.318.117;350.909;66.753;3;0
BANCO DO ESTADO DE SANTA CATARINA S.A.;83876003;b1;;I;1;FLORIANOPOLIS;SC;09/2000;1.720.858;347.488;1.075.595;880.158;645.263;-830;256;253
BARCLAYS GALI;51217;b1;;C;3;SAO PAULO;SP;09/2000;1.626.731;704.434;1.485.334;1.294.852;141.397;-15.902;2;0
ING;51073;b1;;C;3;SAO PAULO;SP;09/2000;1.596.780;285.588;1.439.751;764.976;157.029;-3.561;3;0
BIC;32119;b1;;C;2;SAO PAULO;SP;09/2000;1.594.848;1.063.226;1.328.269;1.096.351;266.579;6.131;39;13
FIAT LEASING S/A ARRENDAMENTO MERCANTIL;61190658;n1;;I;3;BARUERI;SP;09/2000;1.575.091;546.274;1.319.248;244.534;255.843;19.314;1;0
IBM BRASIL LEASING ARRENDAMENTO MERCANTIL S/A;34270520;n1;;I;3;BARUERI;SP;09/2000;1.486.104;903.921;1.266.042;1.051.521;220.062;590;1;0
DAIMLERCHRYSLER;51262;b2;;C;3;SAO PAULO;SP;09/2000;1.324.647;1.077.195;1.223.105;844.358;101.542;-5.972;2;0
BANCO DO ESTADO DE GOIAS S.A.;1540541;b1;;I;1;GOIANIA;GO;09/2000;1.312.857;200.765;1.130.639;1.001.383;182.219;4.541;153;53
BRB - BANCO DE BRASILIA S.A.;208;b1;;I;1;BRASILIA;DF;09/2000;1.281.678;572.161;1.082.886;962.215;198.793;2.460;55;46
BANCO ZOGBI S.A.;61535100;b1;;I;2;SAO PAULO;SP;09/2000;1.260.779;362.476;1.071.309;965.632;189.470;11.046;1;0
AGF BRASEG;51066;b1;;C;3;SAO PAULO;SP;09/2000;1.218.879;160.060;1.113.022;1.033.396;105.857;4.648;2;0
LIBERAL;50146;b2;;C;3;RIO DE JANEIRO;RJ;09/2000;1.177.932;106;975.659;913.025;202.274;5.493;5;0
SS;31323;b1;;C;2;SAO PAULO;SP;09/2000;1.135.977;753.155;1.011.099;693.904;124.878;6.561;6;0
BANCO DE TOKYO-MITSUBISHI BRASIL S.A.;60498557;b1;;I;3;SAO PAULO;SP;09/2000;1.062.489;501.177;783.773;614.378;278.716;27.126;6;0
PEBB;31158;b1;;C;2;RIO DE JANEIRO;RJ;09/2000;1.058.618;2.286;957.254;939.820;101.363;-505;5;0
INTER AMEX;51145;b1;;C;2;SAO PAULO;SP;09/2000;1.033.788;412.946;889.184;822.245;144.604;2.047;6;0
BANCO FININVEST S.A.;33098518;b1;;I;2;RIO DE JANEIRO;RJ;09/2000;996.254;660.586;842.242;748.333;154.012;1.721;0;0
BANCO RABOBANK INTERNATIONAL BRASIL S.A.;1023570;b1;;I;3;SAO PAULO;SP;09/2000;988.794;206.933;923.403;704.513;65.391;-4.356;1;0
ASSOCIACAO DE POUPANCA E EMPRESTIMO - POUPEX;655522;n1;;I;2;BRASILIA;DF;09/2000;970.856;602.132;217.016;188.310;753.840;5.358;1;0
BANCO DE DESENVOLVIMENTO DO ESTADO DA BAHIA S.A.;15163587;b4;;I;1;SALVADOR;BA;09/2000;960.336;745.679;861.715;482.949;98.621;3.142;0;0
BESC S/A - CREDITO IMOBILIARIO;83725150;n1;;I;1;FLORIANOPOLIS;SC;09/2000;847.881;327.690;1.013.085;1.000.668;-165.204;-10.660;4;0
BANCO BANQUE NATIONALE DE PARIS BRASIL S.A.;1522368;b1;;I;3;SAO PAULO;SP;09/2000;836.272;228.049;730.356;535.726;105.915;5.466;1;0
BANCO DE DESENVOLVIMENTO DE MINAS GERAIS S.A.;38486817;b4;;I;1;BELO HORIZONTE;MG;09/2000;828.546;460.051;698.349;561.168;130.197;9.244;1;0
BANCO SUMITOMO BRASILEIRO S.A.;60518222;b1;;I;3;SAO PAULO;SP;09/2000;816.841;196.434;609.993;493.982;206.848;5.063;1;0
CACIQUE;51121;b1;;I;2;SAO PAULO;SP;09/2000;792.135;364.690;604.156;530.506;187.980;734;1;0
BEC;30214;b1;;C;1;FORTALEZA;CE;09/2000;755.510;112.485;644.308;468.175;111.202;6.819;72;11
STOCK;50201;b1;;C;2;RIO DE JANEIRO;RJ;09/2000;750.780;97.468;702.011;587.072;48.768;8.534;4;0
BMG;30290;b1;;C;2;BELO HORIZONTE;MG;09/2000;695.364;370.911;479.870;311.355;215.494;9.252;10;0
SCHAHIN;50191;b1;;C;2;SAO PAULO;SP;09/2000;660.541;198.974;600.303;566.085;60.238;1.547;3;0
SUL AMERICA;50108;b2;;C;2;SAO PAULO;SP;09/2000;630.379;38.705;489.586;431.934;140.794;3.577;4;0
ECONOMIA CREDITO IMOBILIARIO S.A.-ECONOMISA;17441197;n1;;I;2;BELO HORIZONTE;MG;09/2000;627.434;106.592;624.313;64.955;3.120;219;5;0
OPPORTUNITY;51107;b1;;C;2;RIO DE JANEIRO;RJ;09/2000;624.671;0;557.852;533.580;66.819;6.994;2;0
SOFISA;31873;b1;;C;2;SAO PAULO;SP;09/2000;614.925;350.578;455.202;360.498;159.723;4.905;5;0
BANCO COOPERATIVO SICREDI S.A. - BANSICREDI;1181521;b1;;I;2;PORTO ALEGRE;RS;09/2000;606.554;191.091;575.572;503.370;30.982;680;4;0
BANCO DO ESTADO DO MARANHAO S.A. - BEM;6271464;b1;;I;1;SAO LUIS;MA;09/2000;585.105;68.187;526.155;497.410;58.950;909;76;18
BADESC-AGENCIA CATARINENSE DE FOMENTO S.A.;82937293;n1;;I;1;FLORIANOPOLIS;SC;09/2000;581.500;365.827;288.597;240.584;292.902;5.083;1;0
BANCO DO ESTADO DO PARÁ S.A.;4913711;b1;;I;1;BELEM;PA;09/2000;567.859;217.278;507.234;457.477;60.625;585;37;41
PINE;50304;b1;;C;2;SAO PAULO;SP;09/2000;507.701;290.491;375.799;331.439;131.902;3.551;5;1
CRUZEIRO DO SUL;50720;b1;;C;2;SAO PAULO;SP;09/2000;490.048;145.036;454.006;435.409;36.042;1.282;5;0
MATRIX;50782;n1;;C;2;SAO PAULO;SP;09/2000;471.814;54.514;318.122;166.825;153.692;3.394;2;0
SOCIETE GENERALE;31859;b1;;C;3;SAO PAULO;SP;09/2000;458.792;87.738;393.380;224.152;65.412;2.760;4;0
ICATU;50995;b2;;C;2;RIO DE JANEIRO;RJ;09/2000;450.184;0;194.330;92.941;255.854;6.701;6;0
BANCO DO ESTADO DE SERGIPE S.A.;13009717;b1;;I;1;ARACAJU;SE;09/2000;450.126;161.251;394.334;370.701;55.792;2.309;50;16
UBS;31103;b1;;C;3;RIO DE JANEIRO;RJ;09/2000;438.802;209;400.042;190.001;38.759;1.720;8;0
BANCO COOPERATIVO DO BRASIL S.A.;2038232;b1;;I;2;BRASILIA;DF;09/2000;418.633;119.103;383.445;279.539;35.188;2.254;1;0
HABITASUL - CREDITO IMOBILIARIO S/A;92859800;n1;;I;2;PORTO ALEGRE;RS;09/2000;417.406;353.508;387.777;371.176;29.629;474;1;0
BANCO JOHN DEERE S.A.;91884981;b1;;I;2;PORTO ALEGRE;RS;09/2000;415.173;352.221;360.301;352.090;54.872;1.313;1;0
MERRILL LYNCH;51255;b1;;C;3;SAO PAULO;SP;09/2000;408.072;0;344.058;194.163;64.014;1.514;2;0
BANCO DO ESTADO DO AMAZONAS S.A.;4562120;b1;;I;1;MANAUS;AM;09/2000;407.875;122.860;286.231;228.215;121.644;3.072;36;15
BANCO BVA S.A.;32254138;b1;;I;2;RIO DE JANEIRO;RJ;09/2000;390.491;354.298;342.033;333.465;48.458;1.829;2;0
BANCO NEW HOLLAND BRASIL S.A.;2992446;b2;;I;3;CURITIBA;PR;09/2000;371.674;338.728;325.816;306.437;45.858;734;1;0
INDUSVAL;50531;b1;;C;2;SAO PAULO;SP;09/2000;335.140;143.338;308.388;184.341;26.752;1.043;2;0
PRIMUS;20255;b1;;C;3;RIO DE JANEIRO;RJ;09/2000;310.610;35.539;276.467;160.563;34.143;469;4;0
BANCO TRIANGULO S.A.;17351180;b1;;I;2;UBERLANDIA;MG;09/2000;309.918;236.431;256.334;224.185;53.584;2.660;2;0
INDUSTRIAL DO BRASIL;50988;b1;;C;2;SAO PAULO;SP;09/2000;309.676;166.114;227.528;194.686;82.148;3.482;3;0
BANCO DAYCOVAL S.A.;62232889;b1;;I;2;SAO PAULO;SP;09/2000;285.356;164.575;169.365;140.054;115.992;6.381;4;0
BANCO DE LA PROVINCIA DE BUENOS AIRES;44189447;b1;;I;3;SAO PAULO;SP;09/2000;284.453;137.085;217.013;156.856;67.440;3.874;2;0
BANCO CLASSICO S.A.;31597552;b1;;I;2;RIO DE JANEIRO;RJ;09/2000;280.901;0;2.280;479;278.621;10.316;2;0
CCC DO RIO GRANDE DO SUL LTDA;87437687;b3C;;I;2;PORTO ALEGRE;RS;09/2000;280.173;19.848;264.008;250.987;16.165;4;0;0
BANCO BRJ S.A.;27937333;b2;;I;2;RIO DE JANEIRO;RJ;09/2000;279.628;186.403;281.926;273.458;-2.297;-2.515;0;0
PARAIBAN-BANCO DO ESTADO DA PARAIBA S.A.;9093352;b1;;I;1;JOAO PESSOA;PB;09/2000;274.395;37.103;231.772;204.523;42.623;1.853;8;7
PROSPER;50414;b1;;C;2;RIO DE JANEIRO;RJ;09/2000;236.938;72.599;190.960;146.586;45.978;2.425;2;0
BANCO RENDIMENTO S.A.;68900810;b1;;I;2;SAO PAULO;SP;09/2000;235.858;935;208.791;185.865;27.067;827;1;0
BANCO INVESTCRED S.A.;61182408;b1;;I;2;RIO DE JANEIRO;RJ;09/2000;232.372;224.377;158.946;126.095;73.426;5.649;1;0
HEWLETT-PACKARD ARRENDAMENTO MERCANTIL S.A.;2663739;n1;;I;3;BARUERI;SP;09/2000;232.078;124.890;132.470;114.265;99.608;3.550;1;0
TENDENCIA;42264;b2;;C;2;SAO PAULO;SP;09/2000;228.138;0;35.927;11.306;192.211;3.207;3;0
CM CAPITAL MARKETS DISTRIB DE TITULOS E VAL MOBILIARIOS LTDA;2685483;n2;;I;3;SAO PAULO;SP;09/2000;222.887;0;213.283;208.216;9.604;279;1;0
BANCO COMERCIAL URUGUAI S.A.;74828799;b1;;I;3;PORTO ALEGRE;RS;09/2000;209.630;166.268;175.586;162.283;34.043;1.170;4;0
BANCO GUANABARA S.A.;31880826;b1;;I;2;RIO DE JANEIRO;RJ;09/2000;208.964;100.612;182.836;157.347;26.128;-10.041;1;0
TRADICAO S/A CREDITO IMOBILIARIO;15213192;n1;;I;2;SALVADOR;BA;09/2000;204.082;213.703;194.869;193.164;9.213;-8;1;0
BANCO CARGILL S.A.;3609817;b1;;I;3;SAO PAULO;SP;09/2000;203.841;65.160;154.026;119.972;49.815;2.439;0;0
BANCO REDE S.A.;33603457;b2;;I;2;SAO PAULO;SP;09/2000;201.002;6.477;4.370;874;196.633;3.826;1;0
QUANTIA CORRETORA DE CAMBIO, TITULOS E VALS MOBILIARIOS LTDA;68726611;n2;;I;2;SAO PAULO;SP;09/2000;197.357;0;196.349;194.292;1.008;-232;2;0
BRB - CREDITO, FINANCIAMENTO E INVESTIMENTO S/A;33136888;n1;;I;1;BRASILIA;DF;09/2000;191.267;180.341;156.775;143.375;34.492;2.734;2;0
VOLVO;50933;b2;;C;3;CURITIBA;PR;09/2000;185.350;127.465;152.771;135.575;32.578;-170;2;0
DOMUS - CIA. DE CREDITO IMOBILIARIO;10372647;n1;;I;2;FORTALEZA;CE;09/2000;183.464;78.459;175.308;172.690;8.156;-562;1;0
BANCO WACHOVIA S.A.;33436486;b1;;I;3;SAO PAULO;SP;09/2000;178.600;53.954;105.149;88.684;73.452;1.245;1;0
INTERCAP;50476;b1;;C;2;SAO PAULO;SP;09/2000;175.092;88.751;149.564;118.963;25.528;584;3;0
ZOGBI LEASING S.A. - ARRENDAMENTO MERCANTIL;74533787;n1;;I;2;SAO PAULO;SP;09/2000;172.136;26.751;125.095;5.793;47.041;3.517;1;0
DC CORRETORA DE CAMBIO, TITULOS E VALORES MOBILIARIOS S.A.;33806647;n2;;I;2;RIO DE JANEIRO;RJ;09/2000;171.845;0;155.470;104.879;16.375;379;2;0
PERNAMBUCANAS FINANCIADORA S.A. - CRÉDITO, FINANCIAMENTO E INVESTIMENTO;43180355;n1;;I;2;SAO PAULO;SP;09/2000;162.305;115.303;87.155;61.454;75.150;7.416;1;0
BANCO GE CAPITAL S.A.;62421979;b1;;I;3;SAO PAULO;SP;09/2000;158.325;50.072;138.921;34.367;19.405;-4.267;2;0
COOP. CENTRAL CREDITO RURAL MG LTDA. CREDIMINAS;25683434;b3C;;I;2;BELO HORIZONTE;MG;09/2000;145.260;22.827;135.548;0;9.712;93;0;0
BANCO DO ESTADO DO PIAUI S.A. - BEP;6833131;b1;;I;1;TERESINA;PI;09/2000;143.086;35.729;113.371;99.046;29.715;276;7;4
SOCOPA;50328;b1;;C;2;SAO PAULO;SP;09/2000;138.561;37.404;112.193;75.361;26.367;259;4;0
SANTOS CORRETORA DE CAMBIO E VALORES S/A;61658811;n2;;I;2;SAO PAULO;SP;09/2000;135.985;0;115.351;0;20.634;765;2;0
FATOR;50122;b1;;C;2;SAO PAULO;SP;09/2000;135.776;0;91.273;59.517;44.502;2.138;6;0
BANCO FICSA S.A.;61348538;b1;;I;2;SAO PAULO;SP;09/2000;133.979;98.356;85.873;68.249;48.107;2.153;1;0
ADIPAR DISTRIBUIDORA DE TITULOS E VALORES MOBILIARIOS LTDA;17355314;n2;;I;2;RIO DE JANEIRO;RJ;09/2000;131.507;6;125.914;123.796;5.593;493;2;0
BANCO EUROINVEST S.A. - EUROBANCO;13636030;b2;;I;2;RIO DE JANEIRO;RJ;09/2000;131.349;105.326;89.674;61.679;41.676;-779;1;0
TOYOTA;51334;b2;;C;3;SAO PAULO;SP;09/2000;130.889;79.163;97.394;79.076;33.495;-709;2;0
QUALITY CORRETORA DE CAMBIO TIT E VALORES MOBILIARIOS LTDA;3014007;n2;;I;2;SANTOS;SP;09/2000;129.750;0;125.202;7.875;4.548;-158;3;0
MAXIMA FINANCEIRA-CREDITO,FINANCIAMENTO E INVESTIMENTO S.A;3928044;n1;;I;2;RIO DE JANEIRO;RJ;09/2000;125.906;134.381;109.717;103.718;16.189;1.047;1;0
BITTENCOURT S/A - CORRETORA DE TITULOS, VALORES E CAMBIO;33868878;n2;;I;2;RIO DE JANEIRO;RJ;09/2000;123.483;0;118.540;116.734;4.943;-192;2;0
VR;50524;b1;;C;2;SAO PAULO;SP;09/2000;119.854;40.029;79.985;35.138;39.869;704;2;0
CCR COOPERCITRUS - CREDICITRUS;54037916;b3S;;I;2;BEBEDOURO;SP;09/2000;114.206;85.096;74.548;72.066;39.658;1.351;0;9
AGENCIA DE FOMENTO DO PARANA S.A.;3584906;n1;;I;1;CURITIBA;PR;09/2000;113.632;318;4.744;0;108.888;2.438;1;0
BANCO PECUNIA S.A.;60850229;b1;;I;2;SAO PAULO;SP;09/2000;112.547;77.551;89.638;71.240;22.909;1.200;1;0
BANCO SANTOS NEVES S.A.;28157204;b1;;I;2;VITORIA;ES;09/2000;108.024;73.506;91.294;88.601;16.730;-451;3;2
BANCO CREDIBEL S.A.;69141539;b1;;I;2;SAO PAULO;SP;09/2000;104.530;38.588;57.122;43.440;47.408;2.979;4;3
FACTORIAL CORRETORA DE CAMBIO, TIT. E VAL. MOBILIARIOS LTDA.;73388126;n2;;I;2;RIO DE JANEIRO;RJ;09/2000;103.849;0;100.812;99.999;3.037;17;1;0
BANCO MORADA S.A.;32504094;b1;;I;2;RIO DE JANEIRO;RJ;09/2000;101.505;60.198;80.023;76.331;21.482;327;11;0
BANCO ARAUCARIA S.A.;78336633;b1;;I;2;CURITIBA;PR;09/2000;98.827;37.843;66.983;53.140;31.844;746;3;0
BANCO MODAL S.A.;30723886;b1;;I;2;RIO DE JANEIRO;RJ;09/2000;98.590;23.358;67.419;53.673;31.171;-101;1;0
FINABANK CORRETORA DE CAMBIO, TIT.E VALORES MOBILIARIOS LTDA;169331;n2;;I;2;SAO PAULO;SP;09/2000;96.227;0;86.066;82.418;10.161;435;1;0
CATERPILLAR;51231;n1;;C;3;SAO PAULO;SP;09/2000;94.445;85.774;68.721;53.984;25.724;-652;2;0
AGENCIA DE FOMENTO DO ESTADO DO AMAZONAS S.A. - AFEAM;3183937;n1;;I;1;MANAUS;AM;09/2000;92.778;2.538;34.793;0;57.985;1.525;1;0
RENNER FINANCIADORA S.A. - CREDITO, FINANCIAMENTO E INVS.;92874270;n1;;I;2;PORTO ALEGRE;RS;09/2000;92.410;63.973;58.712;51.637;33.698;1.820;1;0
TERRA COMPANHIA DE CREDITO IMOBILIARIO;7311814;n1;;I;2;FORTALEZA;CE;09/2000;91.402;44.905;153.648;151.397;-62.246;-2.167;1;0
PARANA BANCO S.A.;14388334;b1;;I;2;CURITIBA;PR;09/2000;90.965;60.519;70.701;65.134;20.264;1.947;2;0
BANCO INTERIOR DE SAO PAULO S.A.;69057453;b1;;I;2;SAO JOSE DO RIO PRETO;SP;09/2000;89.691;39.274;69.599;64.127;20.092;654;14;2
MUTUAL APETRIM CREDITO IMOBILIARIO S/A;18941229;n1;;I;2;BELO HORIZONTE;MG;09/2000;88.630;72.177;73.087;62.623;15.543;-114;2;0
RENASCENCA DISTRIBUIDORA DE TITS E VALORES MOBILIARIOS LTDA;62287735;n2;;I;2;SAO PAULO;SP;09/2000;87.259;0;78.162;73.770;9.097;99;1;0
CCCR DO ESTADO DE SAO PAULO - SICOOB - SP - COCECRER;63917579;b3C;;I;2;SAO PAULO;SP;09/2000;84.654;16.475;74.282;73.730;10.372;-1.129;0;0
BANCO BGN S.A.;558456;b1;;I;2;RECIFE;PE;09/2000;82.558;42.272;56.629;54.135;25.929;664;3;0
EL CAMINO RESOURCES ARRENDAMENTO MERCANTIL S.A.;97406706;n1;;I;3;RIO DE JANEIRO;RJ;09/2000;80.361;54.046;72.150;56.643;8.211;-382;2;0
COOPERATIVA CENTRAL DE CREDITO DO PARANA;80230774;b3C;;I;2;CURITIBA;PR;09/2000;79.527;4.816;72.601;70.683;6.926;0;0;0
COOP. CENTRAL ECM MEDICOS ESTADO MG LTDA. UNICRED CENTRAL;184068;b3C;;I;2;BELO HORIZONTE;MG;09/2000;78.053;5.412;75.008;82;3.045;0;0;0
BANCO LUSO BRASILEIRO SA;59118133;b1;;I;2;SAO PAULO;SP;09/2000;77.885;44.481;56.575;51.867;21.310;64;4;0
TROPICAL CIA DE CREDITO IMOBILIARIO;4392825;n1;;I;2;MANAUS;AM;09/2000;76.396;69.183;75.966;75.868;431;-25;1;0
GERDAU;50861;b1;;C;2;PORTO ALEGRE;RS;09/2000;76.028;59.331;55.619;50.857;20.409;1.001;2;0
CECME DE FURNAS LTDA. - CECREMEF;33370115;b3S;;I;2;RIO DE JANEIRO;RJ;09/2000;75.735;18.974;65.652;64.251;10.084;159;0;2
BANRISUL S/A - ARRENDAMENTO MERCANTIL;92692979;n1;;I;1;ESTEIO;RS;09/2000;73.784;18.146;23.328;271;50.456;6.741;1;0
AGORA CORRETORA DE TITULOS E VALORES MOBILIARIOS S.A.;74014747;n2;;I;2;RIO DE JANEIRO;RJ;09/2000;72.232;0;58.942;17.086;13.290;218;3;0
BANCO RIBEIRAO PRETO S.A.;517645;b1;;I;2;RIBEIRAO PRETO;SP;09/2000;70.611;58.391;46.042;41.324;24.569;1.277;1;0
CREFISA S.A.-CREDITO, FINANCIAMENTO E INVESTIMENTOS;60779196;n1;;I;2;SAO PAULO;SP;09/2000;70.601;46.142;43.711;35.473;26.890;-280;1;0
LETRA S/A CREDITO IMOBILIARIO;34040550;n1;;I;2;RIO DE JANEIRO;RJ;09/2000;69.873;51.319;69.416;65.313;457;10;1;0
COOPERFORTE-COOPERATIVA DE ECONOMIA E CRÉDITO MÚTUO DOS FUNCIONÁRIOS DE INSTITUIÇÕES FINANCEIRAS PÚBLICAS FEDERAIS LTDA.;1658426;b3S;;I;2;BRASILIA;DF;09/2000;69.619;61.303;4.096;2.206;65.523;1.367;0;3
BMW LEASING DO BRASIL S.A. - ARRENDAMENTO MERCANTIL;60872983;n1;;I;3;SAO CAETANO DO SUL;SP;09/2000;69.605;34.555;66.008;31.787;3.597;-487;2;0
CC DOS PLANTADORES DE CANA DE SERTAOZINHO;71328769;b3S;;I;2;SERTAOZINHO;SP;09/2000;68.670;24.592;32.484;30.403;36.186;1.834;0;3
COOPERATIVA CENTRAL DE CREDITO DE SANTA CATARINA;80160260;b3C;;I;2;FLORIANOPOLIS;SC;09/2000;68.355;0;64.345;14.483;4.011;0;0;0
HEDGING-GRIFFO CORRETORA DE VALORES S/A;61809182;n2;;I;2;SAO PAULO;SP;09/2000;68.180;0;37.508;300;30.672;587;1;0
ESCRITORIO RIZZO DISTRIBUIDORA TITS VALS MOBILIARIOS LTDA;62094123;n2;;I;2;SAO PAULO;SP;09/2000;66.761;0;65.646;64.998;1.115;199;1;0
BONSUCESSO;50706;b1;;C;2;BELO HORIZONTE;MG;09/2000;65.310;46.823;49.868;40.346;15.442;484;3;0
CCR DE ERECHIM LTDA;87780268;b3S;;I;2;ERECHIM;RS;09/2000;62.301;35.474;48.445;42.133;13.856;96;0;15
PSA FINANCE ARRENDAMENTO MERCANTIL S.A.;3502968;n1;;I;3;SAO PAULO;SP;09/2000;60.957;32.642;52.278;23.556;8.679;463;1;0
BANCO DE LA NACION ARGENTINA;33042151;b1;;I;3;SAO PAULO;SP;09/2000;60.318;19.517;31.070;21.687;29.248;-173;2;1
INTRA S/A CORRETORA DE CAMBIO E VALORES;61870200;n2;;I;2;SAO PAULO;SP;09/2000;58.968;0;49.125;38.678;9.844;-72;2;0
CENTRAL DAS COOPERATIVAS DE ECONOMIA E CREDITO DO ESTADO DO RIO DE JANEIRO LTDA;29021722;b3C;;I;2;RIO DE JANEIRO;RJ;09/2000;58.890;5.567;53.498;53.204;5.392;298;0;0
CCR COAMO LTDA;81723108;b3S;;I;2;CAMPO MOURAO;PR;09/2000;58.480;28.747;40.449;39.338;18.031;679;0;10
CONVENCAO S.A. CORRETORA DE VALORES E CAMBIO;61747085;n2;;I;2;SANTOS;SP;09/2000;58.000;0;54.754;0;3.246;-71;2;0
BANCO PSA FINANCE BRASIL S.A.;3502961;b2;;I;3;SAO PAULO;SP;09/2000;57.252;47.912;36.773;35.909;20.479;419;1;0
SUL BRASILEIRO CREDITO IMOBILIARIO S.A.;87091716;n1;;I;2;PORTO ALEGRE;RS;09/2000;56.282;43.436;52.163;47.649;4.119;556;1;0
CCR DOS PLANTADORES DE CANA DA ZONA DE GUARIBA;44469161;b3S;;I;2;GUARIBA;SP;09/2000;55.175;5.864;41.638;40.469;13.536;612;0;1
CECM MEDICOS B.H.E CIDADES POLO DE MINAS GERAIS LTDA;42898825;b3S;;I;2;BELO HORIZONTE;MG;09/2000;53.956;19.324;47.761;46.419;6.195;971;0;12
BANCO MATONE S.A.;92894922;b1;;I;2;PORTO ALEGRE;RS;09/2000;53.676;32.712;39.803;36.553;13.873;530;1;0
BANCO CEDULA S.A.;33132044;b1;;I;2;RIO DE JANEIRO;RJ;09/2000;52.682;23.235;31.480;29.556;21.202;528;1;0
BANCO INDUSCRED S.A.;33588252;b1;;I;2;SAO PAULO;SP;09/2000;51.661;8.602;34.567;32.903;17.094;37;1;0
FAMILIA PAULISTA CREDITO IMOBILIARIO S/A;53146221;n1;;I;2;SANTOS;SP;09/2000;51.530;33.154;50.216;49.006;1.314;17;1;0
BANCO TRICURY S.A.;57839805;b2;;I;2;SAO PAULO;SP;09/2000;50.078;18.453;31.800;28.421;18.278;1.188;1;0
BESC S.A. - ARRENDAMENTO MERCANTIL;510570;n1;;I;1;FLORIANOPOLIS;SC;09/2000;49.277;4.552;22.418;15.622;26.859;6.990;1;0
CONCORDIA S.A. CORRETORA DE VALS. MOBS.,CAMBIO E COMMODITIES;52904364;n2;;I;2;SAO PAULO;SP;09/2000;48.860;0;17.873;0;30.987;1.153;2;0
CECMS DA POLICIA MILITAR DO ESTADO DE SAO PAULO - COOPMIL;62673470;b3S;;I;2;SAO PAULO;SP;09/2000;48.640;39.021;29.315;28.733;19.325;143;0;0
CCR NOVA PETROPOLIS LTDA;91586982;b3S;;I;2;NOVA PETROPOLIS;RS;09/2000;48.626;11.367;42.554;40.441;6.072;405;0;13
BANCO FONTE CINDAM S.A;33794033;b2;;I;2;RIO DE JANEIRO;RJ;09/2000;48.482;0;2.367;0;46.115;1.235;1;0
JAPAN LEASING DO BRASIL S/A - ARRENDAMENTO MERCANTIL;46377537;n1;;I;2;SAO PAULO;SP;09/2000;48.403;23.043;32.813;11.380;15.590;-3.464;1;0
MORGAN STANLEY DEAN WITTER DTVM S/A;2801938;n2;;I;2;SAO PAULO;SP;09/2000;47.391;0;8.614;0;38.777;855;1;0
COMERCIAL S/A - CORRETORA DE VALORES E CAMBIO;54445200;n2;;I;2;SAO PAULO;SP;09/2000;45.639;0;32.997;0;12.642;1.156;1;0
EUROBANCO LEASING S.A. ARRENDAMENTO MERCANTIL;86729894;n1;;I;2;RIO DE JANEIRO;RJ;09/2000;44.868;0;37.122;37.121;7.746;-18;1;0
BANCO ROYAL DE INVESTIMENTO S.A.;21594726;b2;;I;2;SAO PAULO;SP;09/2000;44.325;27.757;29.222;28.684;15.103;678;2;0
CENTRAL CECM ESTADO MINAS GERAIS LTDA. - CECREMGE;309024;b3C;;I;2;BELO HORIZONTE;MG;09/2000;43.647;5.771;35.874;18.841;7.773;166;0;0
BANCO UNION - BRASIL S.A.;50290345;b1;;I;3;SAO PAULO;SP;09/2000;43.384;22.000;18.643;14.332;24.741;-1.112;1;0
BESC FINANCEIRA S/A - CREDITO,FINANC.E INVEST-BESCREDI;83880427;n1;;I;1;FLORIANOPOLIS;SC;09/2000;42.679;42.492;19.024;17.003;23.655;483;1;0
PRIME;50342;b2;;C;2;RIO DE JANEIRO;RJ;09/2000;42.537;0;32.280;25.200;10.258;815;4;0
OMNI S.A. - CREDITO FINANCIAMENTO E INVESTIMENTO;92228410;n1;;I;2;SAO PAULO;SP;09/2000;42.281;42.604;36.770;34.897;5.511;555;1;0
BANCO BOREAL S.A.;30280184;b1;;I;2;RIO DE JANEIRO;RJ;09/2000;42.277;0;16.391;15.040;25.886;-1.728;1;0
OURINVEST;50294;b2;;C;2;SAO PAULO;SP;09/2000;41.764;22.011;15.737;10.514;26.027;-174;2;0
JPM CORRETORA DE CAMBIO, TITULOS E VALS. MOBILIARIOS S/A;54580337;n2;;I;3;SAO PAULO;SP;09/2000;40.251;0;12.032;0;28.219;1.646;2;0
BANCO AUGUSTA INDUSTRIAL E COMERCIAL S.A.-INCOBANCO;93088433;b2;;I;2;PORTO ALEGRE;RS;09/2000;40.130;0;15.363;14.760;24.767;-239;1;0
FINAMAX S.A. - CREDITO, FINANCIAMENTO E INVESTIMENTO;411939;n1;;I;2;JUNDIAI;SP;09/2000;40.072;30.007;33.762;32.756;6.311;321;2;0
ARBI;31677;b1;;C;2;RIO DE JANEIRO;RJ;09/2000;39.404;36.830;11.626;8.814;27.778;515;2;0
CECM MEDICOS E DEMAIS PROF SAUDE BLUMENAU E VALE DO ITAJAI;73443863;b3S;;I;2;BLUMENAU;SC;09/2000;39.162;10.538;34.757;33.819;4.405;289;0;6
RMC S/A-SOCIEDADE CORRETORA;61384004;n2;;I;2;SAO PAULO;SP;09/2000;39.046;0;25.103;0;13.944;563;1;0
BANCO PORTO REAL S.A.;40429946;b1;;I;2;RESENDE;RJ;09/2000;38.893;16.084;28.904;24.292;9.989;-887;2;0
THECA;50744;b1;;C;2;SAO PAULO;SP;09/2000;38.746;0;22.362;0;16.384;-375;3;0
PBM-PICCHIONI-BELGO-MINEIRA DIST.DE TITS. E VALS. MOBS. S/A;17401944;n2;;I;2;BELO HORIZONTE;MG;09/2000;38.408;0;36.636;0;1.772;711;1;0
CC ORGANIZACOES HERING LTDA. - CREDIHERING;82639451;b3S;;I;2;BLUMENAU;SC;09/2000;38.046;23.146;20.568;17.773;17.479;662;0;11
MESA DISTRIBUIDORA DE TITULOS E VALORES MOBILIARIOS LTDA;57851669;n2;;I;2;SAO PAULO;SP;09/2000;37.582;0;33.145;29.279;4.437;42;1;0
COOPERATIVA CENTRAL DE CREDITO DE MATO GROSSO LTDA;33667205;b3C;;I;2;CUIABA;MT;09/2000;37.575;4.792;34.503;33.772;3.073;40;0;0
LIQUIDEZ DISTRIBUIDORA DE TITULOS E VALORES MOBILIARIOS LTDA;33862244;n2;;I;2;RIO DE JANEIRO;RJ;09/2000;37.497;0;34.213;19.518;3.284;126;2;0
CIT BRASIL ARRENDAMENTO MERCANTIL S.A.;43818780;n1;;I;3;BARUERI;SP;09/2000;36.800;15.885;21.911;20.352;14.888;372;1;0
LAETA S/A DISTRIBUIDORA DE TITULOS E VALORES MOBILIARIOS;60814209;n2;;I;2;SAO PAULO;SP;09/2000;36.415;0;34.321;33.615;2.093;106;1;0
CCR DE ENCANTADO LTDA;89126130;b3S;;I;2;ENCANTADO;RS;09/2000;36.042;16.877;31.897;26.502;4.145;331;0;13
CCR TRES FRONTEIRAS;78414067;b3S;;I;2;MEDIANEIRA;PR;09/2000;35.539;14.010;25.334;17.652;10.205;323;0;12
UMUARAMA S/A - CORRETORA DE TITULOS E VALORES MOBILIARIOS;33968066;n2;;I;2;RIO DE JANEIRO;RJ;09/2000;35.257;0;13.145;0;22.112;2.236;2;0
BANCRED;32009;n1;;C;2;RIO DE JANEIRO;RJ;09/2000;34.891;0;26.445;25.983;8.446;175;2;0
PORTOCRED S.A. - CREDITO, FINANCIAMENTO E INVESTIMENTO;1800019;n1;;I;2;PORTO ALEGRE;RS;09/2000;34.266;35.003;29.907;29.489;4.358;185;1;0
ADVALOR DISTRIBUIDORA DE TITULOS E VALORES MOBILIARIOS LTDA;33824012;n2;;I;2;RIO DE JANEIRO;RJ;09/2000;34.028;0;32.262;31.980;1.766;106;1;0
NOVINVEST S/A - CORRETORA DE VALORES MOBILIARIOS;43060029;n2;;I;2;SAO PAULO;SP;09/2000;33.653;0;16.334;0;17.319;362;2;0
BANCO FICRISA AXELRUD S.A.;92864131;b1;;I;2;PORTO ALEGRE;RS;09/2000;33.261;23.434;23.341;16.108;9.921;287;4;0
CECMF SECRETARIA ESTADO DA FAZENDA DE MG LTDA.;16721078;b3S;;I;2;BELO HORIZONTE;MG;09/2000;33.250;22.544;22.542;15.198;10.708;582;0;0
ASSOCIACAO DE POUPANCA E EMPRESTIMO DE PERNAMBUCO-APEPE;10959245;n1;;I;2;RECIFE;PE;09/2000;32.713;46.444;27.442;1.569;5.271;-344;1;0
BANCO FRANCES INTERNACIONAL (BRASIL) S.A.;42593459;b1;;I;3;SAO PAULO;SP;09/2000;32.530;0;2.181;0;30.349;719;1;0
OBOE CREDITO, FINANCIAMENTO E INVESTIMENTO S.A.;1432688;n1;;I;2;FORTALEZA;CE;09/2000;31.942;27.942;28.090;27.588;3.851;215;5;0
EXPRINTER LOSAN S.A. - CREDITO, FINANCIAMENTO E INVESTIMENTO;33550104;n1;;I;2;SAO PAULO;SP;09/2000;31.768;26.309;12.606;1.966;19.162;240;1;0
CORRETORA SOUZA BARROS - CAMBIO E TITULOS S/A;61787776;n2;;I;2;SAO PAULO;SP;09/2000;31.742;107;14.396;0;17.346;-66;2;0
CCR NOROESTE DO RIO GRANDE DO SUL LTDA;89049738;b3S;;I;2;TRES DE MAIO;RS;09/2000;31.153;9.895;20.950;16.628;10.203;675;0;18
BANCO DE LA REPUBLICA ORIENTAL DEL URUGUAY;51938876;b1;;I;3;SAO PAULO;SP;09/2000;31.088;4.870;9.366;6.455;21.722;-453;2;0
HONDA;51396;b2;;C;3;SAO PAULO;SP;09/2000;30.934;2.172;848;0;30.087;693;2;0
DIRECAO S/A - CREDITO FINANCIAMENTO E INVESTIMENTO;58158387;n1;;I;2;SANTOS;SP;09/2000;30.809;24.687;13.575;11.854;17.234;663;2;0
CCR PLANALTO DO RIO GRANDE DO SUL LTDA.;88038260;b3S;;I;2;CRUZ ALTA;RS;09/2000;30.788;12.153;23.167;18.123;7.621;-249;0;14
COOPERATIVA DE CREDITO RURAL ALTOS DA SERRA LTDA.;92555150;b3S;;I;2;SANANDUVA;RS;09/2000;30.237;13.691;25.424;17.409;4.813;-101;0;13
BRB - DISTRIBUIDORA DE TITULOS E VALORES MOBILIARIOS SA;33850686;n2;;I;1;BRASILIA;DF;09/2000;29.990;0;3.398;0;26.592;479;1;0
BANCO REGIONAL MALCON S.A.-COMERC.E DE CRED.AO CONSUMIDOR;92722255;b2;;I;2;PORTO ALEGRE;RS;09/2000;29.725;20.333;10.734;7.017;18.991;258;1;0
COOP. CENTRAL CREDITO GOIAS LTDA. CREDIGOIAS;33416108;b3C;;I;2;GOIANIA;GO;09/2000;29.098;1.042;24.989;24.330;4.109;94;0;0
CECM DOS MEDICOS DA GRANDE FLORIANOPOLIS;74064502;b3S;;I;2;FLORIANOPOLIS;SC;09/2000;28.703;13.519;21.712;20.796;6.991;447;0;2
BANCO EMBLEMA S.A.;795423;b1;;I;2;BELO HORIZONTE;MG;09/2000;28.572;2.494;9.017;7.406;19.555;-478;1;0
APEAL - CREDITO IMOBILIARIO S/A;12719654;n1;;I;2;MACEIO;AL;09/2000;28.319;24.444;26.421;26.338;1.898;23;1;0
CECM DOS MEDICOS DE PORTO ALEGRE LTDA;94433109;b3S;;I;2;PORTO ALEGRE;RS;09/2000;28.304;10.547;22.248;21.881;6.057;307;0;5
COOPERATIVA DE CRÉDITO RURAL DOS CAFEICUTORES DA REGIÃO DE VARGINHA LTDA;25798596;b3S;;I;2;VARGINHA;MG;09/2000;28.193;18.717;21.375;17.993;6.819;367;0;4
NOVACAO S/A CORRETORA DE CAMBIO E VALORES MOBILIARIOS;62170824;n2;;I;2;SAO PAULO;SP;09/2000;27.839;0;11.573;0;16.265;340;2;0
CCR DE MARINGA;79342069;b3S;;I;2;MARINGA;PR;09/2000;27.374;10.573;23.573;22.522;3.801;138;0;12
CCECM DAS UNICREDS DO ESTADO DE SANTA CATARINA LTDA;543968;b3C;;I;2;BLUMENAU;SC;09/2000;26.868;554;25.269;25.220;1.599;57;0;0
SPINELLI S/A CORRETORA DE VALORES MOBILIARIOS E CAMBIO;61739629;n2;;I;2;SAO PAULO;SP;09/2000;25.832;0;8.171;0;17.661;442;1;0
PLANIBANC;49896;n2;;C;2;SAO PAULO;SP;09/2000;25.706;0;7.370;0;18.336;-375;2;0
DACASA FINANCEIRA S.A.-SOC. DE CRED. FINANC. E INVESTIMENTO;27406222;n1;;I;2;VITORIA;ES;09/2000;25.026;23.955;17.572;14.538;7.455;896;1;0
CECM DOS MEDICOS DA REGIAO NORTE DO PARANA;2398976;b3S;;I;2;LONDRINA;PR;09/2000;24.904;11.541;22.434;22.137;2.469;180;0;7
COINVALORES;50892;n2;;C;2;SAO PAULO;SP;09/2000;24.602;0;11.623;0;12.979;302;2;0
AGENDA CORRETORA DE CAMBIO E VALORES MOBILIARIOS LTDA;271457;n2;;I;2;RIO DE JANEIRO;RJ;09/2000;24.347;0;18.965;13.077;5.382;300;0;0
CCC DO ESPIRITO SANTO - SICOOB CENTRAL ES;32428294;b3C;;I;2;VITORIA;ES;09/2000;24.193;3.485;21.062;20.661;3.131;0;0;0
COOPERATIVA DE CRÉDITO RURAL DO NORTE DE MINAS LTDA - CREDINOR;21866694;b3S;;I;2;MONTES CLAROS;MG;09/2000;24.079;20.308;20.312;18.161;3.767;-583;0;4
CCR DE CARLOS BARBOSA LTDA;90608712;b3S;;I;2;CARLOS BARBOSA;RS;09/2000;24.060;8.098;22.279;19.378;1.782;5;0;10
SOUZA CRUZ-DISTRIBUIDORA DE TITULOS E VAL. MOBILIARIOS S/A;62124722;n2;;I;3;RIO DE JANEIRO;RJ;09/2000;24.029;0;10.234;10.070;13.795;326;1;0
IPANEMA S.A. - CORRETORA DE CAMBIO, TIT E VAL MOBILIARIOS;73004749;n2;;I;2;PORTO ALEGRE;RS;09/2000;23.873;0;19.070;0;4.803;1.000;2;0
COOPERATIVA DE CREDITO RURAL CENTRO SERRA LTDA;87067757;b3S;;I;2;AGUDO;RS;09/2000;23.460;8.502;21.071;17.171;2.389;174;0;8
OBJETIVA - DISTRIBUIDORA DE TITULOS E VALORES MOBILIARIOS LT;30456180;n2;;I;2;RIO DE JANEIRO;RJ;09/2000;23.085;0;22.522;22.500;563;10;1;0
UNICRED JOAO PESSOA - CECM DOS MEDICOS DE JOAO PESSOA LTDA;35571249;b3S;;I;2;JOAO PESSOA;PB;09/2000;23.030;15.922;8.629;6.227;14.401;1.417;0;1
EGIDE CORRETORA DE TITULOS E VALORES MOBILIARIOS LTDA.;93000826;n2;;I;2;RIO DE JANEIRO;RJ;09/2000;22.457;0;19.323;0;3.135;-40;4;0
CECM DOS MEDICOS DA REGIAO NORDESTE DO RIO GRANDE DO SUL LTD;73750424;b3S;;I;2;CAXIAS DO SUL;RS;09/2000;22.417;6.608;18.063;17.768;4.354;278;0;3
SLW CORRETORA DE VALORES E CAMBIO LTDA;50657675;n2;;I;2;SAO PAULO;SP;09/2000;22.304;109;10.907;3.000;11.397;-20;2;0
BANCO POTTENCIAL S.A.;253448;b1;;I;2;BELO HORIZONTE;MG;09/2000;22.274;19.989;12.741;12.365;9.534;-293;1;0
BANCO FINANSINOS S.A.;91669747;b2;;I;2;NOVO HAMBURGO;RS;09/2000;22.194;13.117;8.388;5.953;13.807;163;1;0
BANCO MAXINVEST S.A.;80271455;b2;;I;2;CURITIBA;PR;09/2000;22.022;13.440;9.432;6.901;12.590;399;2;0
CCR CAFEICULTORES E AGROPECUARISTA EM GUAXUPE LTDA;42873828;b3S;;I;2;GUAXUPE;MG;09/2000;22.009;10.078;18.524;17.324;3.485;93;0;2
CCR DE IBIRAIARAS LTDA;89990501;b3S;;I;2;IBIRAIARAS;RS;09/2000;21.907;10.162;19.502;15.040;2.404;62;0;11
ATIVA S.A. CORRETORA DE TITULOS, CAMBIO E VALORES;33775974;n2;;I;2;RIO DE JANEIRO;RJ;09/2000;21.743;0;11.524;0;10.219;261;2;0
CECRESP-CENTRAL DAS COOPERATIVAS DE CREDITO DO EST SAO PAULO;62931522;b3C;;I;2;SAO PAULO;SP;09/2000;21.662;1.920;18.205;17.471;3.457;138;0;0
BANCO KEB DO BRASIL S.A.;2318507;b1;;I;3;SAO PAULO;SP;09/2000;21.643;1.808;1.495;801;20.149;162;0;0
TITULO CORRETORA DE VALORES S/A;62169875;n2;;I;2;SAO PAULO;SP;09/2000;21.582;0;9.873;4.514;11.709;377;1;0
CECME DA JOHNSON & JOHNSON;45691128;b3S;;I;2;SAO JOSE DOS CAMPOS;SP;09/2000;21.473;21.082;6.342;4.043;15.131;586;0;0
CC DE LAJEADO LTDA;91159764;b3S;;I;2;LAJEADO;RS;09/2000;21.429;11.338;19.763;16.214;1.665;94;0;8
CCR DE SOLEDADE LTDA;87900601;b3S;;I;2;SOLEDADE;RS;09/2000;21.384;10.820;17.361;12.936;4.022;12;0;11
CCR ALTO URUGUAI LTDA;87733770;b3S;;I;2;RODEIO BONITO;RS;09/2000;21.028;11.045;18.132;13.823;2.896;149;0;14
PLANNER CORRETORA DE VALORES S.A.;806535;n2;;I;2;SAO PAULO;SP;09/2000;20.857;277;10.987;0;9.870;200;4;0
MAGLIANO S/A CORRETORA DE CAMBIO E VALORES MOBILIARIOS;61723847;n2;;I;2;SAO PAULO;SP;09/2000;20.856;0;8.149;0;12.707;621;1;0
CCR DE VENDA NOVA DO IMIGRANTE - SICOOB VENDA NOVA;815319;b3S;;I;2;VENDA NOVA DO IMIGRANTE;ES;09/2000;20.853;12.686;18.003;17.694;2.850;169;0;5
CECM MEDICOS DEMAIS PROF.SAUDE BELO HORIZONTE LTDA.;1035852;b3S;;I;2;BELO HORIZONTE;MG;09/2000;20.589;9.805;17.137;16.650;3.452;222;0;6
LARCKY SOCIEDADE DE CREDITO IMOBILIARIO S.A.;35945542;n1;;I;2;RIO DE JANEIRO;RJ;09/2000;20.574;5.120;10.047;0;10.527;-46;3;0
CCR SUDOESTE DO RIO GRANDE DO SUL LTDA;87903316;b3S;;I;2;ALEGRETE;RS;09/2000;20.433;13.185;15.587;13.927;4.846;-234;0;7
CCR SANTA ROSA LTDA;87766507;b3S;;I;2;SANTA ROSA;RS;09/2000;20.395;9.603;16.187;12.961;4.208;-82;0;7
CC DOS FORNECEDORES DE CANA DE PIRACICABA;54401286;b3S;;I;2;PIRACICABA;SP;09/2000;20.178;14.911;11.492;11.106;8.686;459;0;1
BTM LEASING DO BRASIL S/A ARRENDAMENTO MERCANTIL;62870720;n1;;I;3;SAO PAULO;SP;09/2000;20.176;5.325;10.161;9.221;10.015;288;1;0
CECM DOS MEDICOS DO RIO DE JANEIRO - UNICRED-RIO LTDA.;72128440;b3S;;I;2;RIO DE JANEIRO;RJ;09/2000;19.956;6.498;12.362;11.840;7.594;562;0;1
EXATA S/A CORRETORA DE TITULOS E VALORES MOBILIARIOS;39468954;n2;;I;2;RIO DE JANEIRO;RJ;09/2000;19.897;0;9.373;0;10.525;-34;4;0
CCR VALE DO PIQUIRI;81099491;b3S;;I;2;PALOTINA;PR;09/2000;19.762;4.093;17.406;13.777;2.356;95;0;18
UNICRED CAMPO GRANDE-MS COOPERATIVA DE ECONOMIA E CRÉDITO MÚTUO DOS MÉDICOS E PROFISSIONAIS DA ÁREA DE SAÚDE DE CAMPO GRANDE-MS LTDA;73647935;b3S;;I;2;CAMPO GRANDE;MS;09/2000;19.584;10.840;12.468;11.992;7.116;506;0;2
COOPERATIVA DE CRÉDITO RURAL GOIASCARNE LTDA;37255049;b3S;;I;2;GOIANIA;GO;09/2000;19.475;13.161;7.193;5.719;12.282;866;0;0
CCR DE MARAU LTDA;87795639;b3S;;I;2;MARAU;RS;09/2000;18.741;6.077;16.445;11.206;2.296;-33;0;9
ISOLDI S/A - CORRETORA DE VALORES MOBILIARIOS;62051263;n2;;I;2;SAO PAULO;SP;09/2000;18.734;0;4.566;0;14.169;75;2;0
CCR BELO HORIZONTE LTDA;71250021;b3S;;I;2;BELO HORIZONTE;MG;09/2000;18.513;10.871;16.728;15.757;1.784;104;0;7
SAO PAULO CORRETORA DE VALORES LTDA;61822052;n2;;I;2;SAO PAULO;SP;09/2000;18.469;0;6.747;0;11.722;-933;2;0
CCR DE SANTA MARIA LTDA;95594941;b3S;;I;2;SANTA MARIA;RS;09/2000;18.388;7.744;16.086;11.234;2.302;121;0;8
CCM DOS MEDICOS DE CUIABA LTDA;36900256;b3S;;I;2;CUIABA;MT;09/2000;18.354;11.112;11.605;10.859;6.749;694;0;0
TALARICO - CORRETORA DE CAMBIO E TITULOS MOBILIARIOS LTDA;61729133;n2;;I;2;SAO PAULO;SP;09/2000;18.316;0;5.413;0;12.902;438;1;0
BARIGUI S.A. CREDITO, FINANCIAMENTO E INVESTIMENTOS;556603;n1;;I;2;CURITIBA;PR;09/2000;18.179;17.463;12.645;10.821;5.535;422;1;0
ASB S/A - CREDITO, FINANCIAMENTO E INVESTIMENTO;59987370;n1;;I;2;JUIZ DE FORA;MG;09/2000;18.109;21.981;6.822;6.381;11.288;1.886;1;0
CECM MEDICOS OUTROS PROFISSIONARIOS AREA SAUDE GOIANIA LTDA.;37395399;b3S;;I;2;GOIANIA;GO;09/2000;18.100;8.591;13.520;12.776;4.580;208;0;2
COOP. CENTRAL DE CREDITO DA BAHIA LTDA  SICOOB CENTRAL BAHIA;34148882;b3C;;I;2;SALVADOR;BA;09/2000;17.981;2.784;17.450;16.486;531;78;0;0
CCR DA REGIAO DE ORLANDIA;53935029;b3S;;I;2;ORLANDIA;SP;09/2000;17.799;9.416;10.807;10.404;6.992;344;0;0
CCR DOS PLANTADORES DE CANA DE ALAGOAS;12272183;b3S;;I;2;MACEIO;AL;09/2000;17.686;33.143;33.187;32.994;-15.501;-376;0;0
ZOGBI DISTRIBUIDORA DE TITULOS E VALORES MOBILIARIOS LTDA;62042890;n2;;I;2;SAO PAULO;SP;09/2000;17.617;0;3.082;0;14.535;1.708;1;0
CCR ROLANDIA LTDA;78157146;b3S;;I;2;ROLANDIA;PR;09/2000;17.595;15.339;12.159;11.369;5.436;244;0;9
INTERMEDIUM - CREDITO, FINANCIAMENTO E INVESTIMENTO S.A.;416968;n1;;I;2;BELO HORIZONTE;MG;09/2000;17.572;15.625;12.285;11.125;5.288;448;1;0
CCR ALTO URUGUAI CATARINENSE;78840071;b3S;;I;2;CONCORDIA;SC;09/2000;17.452;7.493;14.880;14.438;2.572;106;0;5
BANCO CAPITAL S.A.;15173776;b1;;I;2;SALVADOR;BA;09/2000;17.315;4.797;3.200;1.796;14.114;515;1;0
CCR ALTO JACUI LTDA;87779625;b3S;;I;2;NAO-ME-TOQUE;RS;09/2000;17.110;9.425;14.785;7.654;2.325;-56;0;5
CECM DOS MEDICOS DO PLANALTO MEDIO DO RGS LTDA;97259253;b3S;;I;2;PASSO FUNDO;RS;09/2000;17.011;6.073;14.204;13.853;2.807;436;0;1
SAFIC - CORRETORA DE VALORES E CAMBIO S.A.;45056579;n2;;I;2;SANTOS;SP;09/2000;17.007;0;10.755;0;6.252;-21;2;0
SOLIDEZ CORRETORA DE CAMBIO, TITULOS E VALORES MOBIL. LTDA.;96477906;n2;;I;2;SAO PAULO;SP;09/2000;16.716;329;6.661;0;10.055;14;3;0
INTERBANK S.A. CORRETORA DE CAMBIO, TIT. E VAL. MOBILIARIOS;21592209;n2;;I;2;RIO DE JANEIRO;RJ;09/2000;16.683;0;11.885;9.790;4.798;7;2;0
BEG - DISTRIBUIDORA DE TITULOS E VALORES MOBILIARIOS S/A;2665602;n2;;I;1;GOIANIA;GO;09/2000;16.467;0;1.906;0;14.561;552;1;0
MERCOBANK S.A. CORRETORA DE TITULOS E VALORES MOBILIARIOS;787296;n2;;I;2;RIO DE JANEIRO;RJ;09/2000;16.447;0;13.386;10.376;3.061;-117;2;0
EQUITY CP CORRETORA DE CAMBIO E VALORES S.A;33832015;n2;;I;2;RIO DE JANEIRO;RJ;09/2000;16.322;0;9.051;0;7.271;-26;1;0
CCR TAPERENSE LTDA;87510475;b3S;;I;2;TAPERA;RS;09/2000;16.322;9.378;11.554;8.359;4.767;115;0;3
CCR CELEIRO LTDA;88099247;b3S;;I;2;CAMPO NOVO;RS;09/2000;16.280;6.921;14.009;10.951;2.271;-31;0;10
CCR DA REGIAO DA MOGIANA;62109566;b3S;;I;2;SAO JOAO DA BOA VISTA;SP;09/2000;16.268;9.775;12.573;11.529;3.694;81;0;4
CCR COCAPEC;67096909;b3S;;I;2;FRANCA;SP;09/2000;16.213;8.586;12.675;12.579;3.538;397;0;1
CECMM E DEMAIS PROF NIV SUP SAUDE LITORAL PAULISTA - UNICRED;259231;b3S;;I;2;SANTOS;SP;09/2000;16.165;6.088;11.930;11.670;4.236;415;0;1
DIAS DE SOUZA VALORES - SOCIEDADE CORRETORA LTDA;61795290;n2;;I;2;SAO PAULO;SP;09/2000;16.117;0;2.545;0;13.572;440;1;0
CCR DE GETULIO VARGAS LTDA;87784088;b3S;;I;2;GETULIO VARGAS;RS;09/2000;16.066;6.589;11.382;6.090;4.684;131;0;5
SANTINVEST S.A. - CREDITO, FINANCIAMENTO E INVESTIMENTOS;122327;n1;;I;2;FLORIANOPOLIS;SC;09/2000;16.047;15.989;5.126;4.083;10.921;747;1;0
CECME DA SABESP - CECRES;54603022;b3S;;I;2;SAO PAULO;SP;09/2000;15.944;11.781;1.723;0;14.221;534;0;0
CCR DA LAPA;81054686;b3S;;I;2;LAPA;PR;09/2000;15.804;3.997;13.913;10.841;1.892;68;0;12
FICSA S/A CORRETORA DE CAMBIO, TITULOS E VALORES MOBILIARIOS;61757423;n2;;I;2;SAO PAULO;SP;09/2000;15.801;0;4.300;0;11.502;133;1;0
FINAMBRAS CORRETORA DE CAMBIO,TIT.E VALORES MOBILIARIOS LTDA;35594001;n2;;I;2;RECIFE;PE;09/2000;15.769;0;6.151;0;9.617;-53;5;0
BONCRED LEASING S/A - ARRENDAMENTO MERCANTIL;1488392;n1;;I;2;NOVO HAMBURGO;RS;09/2000;15.735;8.668;10.423;3.444;5.312;292;1;0
COOPERATIVA DE CREDITO RURAL DE PRIMAVERA DO LESTE LTDA;26563270;b3S;;I;2;PRIMAVERA DO LESTE;MT;09/2000;15.708;7.595;12.260;11.753;3.448;243;0;1
CCR DE PASSO FUNDO LTDA;87781530;b3S;;I;2;PASSO FUNDO;RS;09/2000;15.626;5.673;12.751;9.248;2.876;-16;0;6
UNICRED DE FORTALEZA-CECM MEDICOS FORTALEZA LTDA.;72257793;b3S;;I;2;FORTALEZA;CE;09/2000;15.444;7.858;12.712;12.276;2.732;166;0;4
BANCO CR2 DE INVESTIMENTOS S.A.;3532415;b2;;I;2;RIO DE JANEIRO;RJ;09/2000;14.941;0;1.892;1.517;13.049;104;1;0
MULTIPLIC CORRETORA DE VALORES MOBILIARIOS S/A;33791781;n2;;I;2;SAO PAULO;SP;09/2000;14.936;0;1.767;0;13.169;351;2;0
CCR DE SAO GABRIEL - SICOOB SAO GABRIEL;31815293;b3S;;I;2;SAO GABRIEL DA PALHA;ES;09/2000;14.909;13.141;10.972;10.500;3.937;124;0;8
CECM MEDICOS DEMAIS PROF NIV SUP SAUDE UBERLANDIA LTDA;70937271;b3S;;I;2;UBERLANDIA;MG;09/2000;14.908;7.350;11.011;10.520;3.897;328;0;4
CECMS DAS ESCOLAS TECNICAS E AGROTECNICAS FEDERAIS DO ES LTD;1260250;b3S;;I;2;VITORIA;ES;09/2000;14.709;14.746;12.697;12.332;2.012;393;0;4
CCR LUCAS DO RIO VERDE LTDA;26565770;b3S;;I;2;LUCAS DO RIO VERDE;MT;09/2000;14.671;8.252;8.875;7.758;5.797;307;0;4
COOPERATIVA DE CRÉDITO RURAL GRAPIÚNA LTDA;32615056;b3S;;I;2;ITABUNA;BA;09/2000;14.499;12.636;14.435;12.797;64;-2.683;0;0
COOPERCRED LTDA-CECMS ORGAOS SEG.PUB., MIN.JUST.,DEF.ORG. DF;36767291;b3S;;I;2;BRASILIA;DF;09/2000;14.474;9.783;14.911;12.478;-437;-721;0;3
MULTIBENS S/A-CREDITO, FINANCIAMENTO E INVESTIMENTO;323902;n1;;I;2;SAO PAULO;SP;09/2000;14.437;11.071;6.196;6.146;8.240;621;1;0
CECM DOS MEDICOS DE PRESIDENTE PRUDENTE E REGIAO;74220948;b3S;;I;2;PRESIDENTE PRUDENTE;SP;09/2000;14.418;4.538;11.211;11.021;3.207;248;0;0
CCECMM DA ALIANCA COOPERATIVISTA DO EST SP - ALCRED CENTRAL;3235367;b3C;;I;2;SAO PAULO;SP;09/2000;14.315;5.896;13.615;13.497;700;0;0;0
WALPIRES S/A CORRETORA DE CÂMBIO TÍTULOS E VALORES MOBILIÁRIOS;61769790;n2;;I;2;SAO PAULO;SP;09/2000;14.301;0;5.064;3;9.237;-50;1;0
CECMM E PROF AREA SAUDE DE SAO PAULO - UNICRED DE SAO PAULO;69181709;b3S;;I;2;SAO PAULO;SP;09/2000;14.117;8.623;8.123;7.500;5.994;201;0;4
AGENTE CORRETORA DE CAMBIO TITULOS VALORES MOBILIARIOS LTDA;58225426;n2;;I;2;SANTOS;SP;09/2000;14.081;0;10.642;0;3.440;229;2;0
CECMAM DE ARARAQUARA - ALCRED DE ARARAQUARA;73113243;b3S;;I;2;ARARAQUARA;SP;09/2000;13.982;5.442;12.559;12.473;1.422;100;0;4
BANCO OK DE INVESTIMENTOS S.A.;689364;b2;;I;2;BRASILIA;DF;09/2000;13.884;5.984;6.670;0;7.214;580;1;0
CECM MEDICOS UBERABA LTDA;71432926;b3S;;I;2;UBERABA;MG;09/2000;13.870;5.594;11.134;10.675;2.736;166;0;1
CCR DA ZONA SUL LTDA;90497256;b3S;;I;2;PELOTAS;RS;09/2000;13.867;5.915;11.670;8.951;2.197;66;0;7
CCR COONAI;53923116;b3S;;I;2;RIBEIRAO PRETO;SP;09/2000;13.772;11.413;9.705;7.322;4.066;405;0;12
CECME EM EMPRESAS PRIVADAS DE TELECOMUNICACOES - CREDITEL;27059344;b3S;;I;2;VITORIA;ES;09/2000;13.683;11.909;12.668;12.445;1.015;159;0;5
CCR PARANAPANEMA;79086997;b3S;;I;2;CAMBARA;PR;09/2000;13.641;5.572;9.559;8.929;4.082;77;0;9
CCR DO SUL DE MATO GROSSO LTDA;26549311;b3S;;I;2;RONDONOPOLIS;MT;09/2000;13.638;8.125;11.071;9.916;2.567;-258;0;2
CCR MISSOES LTDA;87732608;b3S;;I;2;SANTO ANGELO;RS;09/2000;13.581;6.148;12.106;10.869;1.475;-7;0;11
ESTRATEGIA INVESTIMENTOS S.A.- CORRETORA DE VALORES E CAMBIO;74073974;n2;;I;2;RIO DE JANEIRO;RJ;09/2000;13.376;33;10.977;9.392;2.399;-51;1;0
CCR DE ESPUMOSO LTDA;87900411;b3S;;I;2;ESPUMOSO;RS;09/2000;13.234;6.745;8.943;5.084;4.291;134;0;5
CCR OURO BRANCO LTDA;87853206;b3S;;I;2;TEUTONIA;RS;09/2000;13.164;6.145;10.212;8.523;2.951;-111;0;7
CECMS DA FEDERACAO DO COMERCIO, SESC E SENAC DE SAO PAULO;62928320;b3S;;I;2;SAO PAULO;SP;09/2000;13.048;10.255;1.456;0;11.591;469;0;0
CCCM DO ESTADO DO ESPIRITO SANTO LTDA;32433674;b3C;;I;2;VITORIA;ES;09/2000;13.019;9.609;8.045;7.931;4.974;96;0;0
CCR PESTANENSE LTDA;90729369;b3S;;I;2;AUGUSTO PESTANA;RS;09/2000;12.917;7.308;9.186;8.005;3.731;59;0;4
ESCRITORIO LEROSA S/A CORRETORES DE VALORES;61973863;n2;;I;2;SAO PAULO;SP;09/2000;12.908;0;955;0;11.953;194;1;0
COOPERATIVA DE ECONOMIA E CRÉDITO MÚTUO DOS SERVIDORES MUNICIPAIS DE SÃO JOSÉ DOS CAMPOS;54190525;b3S;;I;2;SAO JOSE DOS CAMPOS;SP;09/2000;12.853;9.964;2.077;0;10.775;643;0;0
CCR SARANDI LTDA;89468565;b3S;;I;2;SARANDI;RS;09/2000;12.765;6.487;11.502;8.567;1.264;-55;0;10
CECMF ASSEMBLEIA LEGISLATIVA ESTADO MG LTDA.;21797311;b3S;;I;2;BELO HORIZONTE;MG;09/2000;12.680;8.294;8.046;6.621;4.634;471;0;0
CCE DA EMBRAER;46642294;b3S;;I;2;SAO JOSE DOS CAMPOS;SP;09/2000;12.661;10.756;1.217;858;11.444;826;0;1
CCR SORRISO LTDA;26555235;b3S;;I;2;SORRISO;MT;09/2000;12.341;6.022;8.773;8.166;3.568;113;0;4
CCR ALFA;78825270;b3S;;I;2;CHAPECO;SC;09/2000;12.296;5.231;10.742;10.500;1.554;23;0;8
CCR SAO SEBASTIAO DO PARAISO LTDA;22760839;b3S;;I;2;SAO SEBASTIAO DO PARAISO;MG;09/2000;12.271;10.107;8.697;8.071;3.574;-53;0;3
CCR ROLANTE LTDA;95213211;b3S;;I;2;ROLANTE;RS;09/2000;12.267;7.378;10.704;10.413;1.563;273;0;6
CECM DOS MEDICOS E PROFISSIONAIS DE SAUDE DE MACEIO / AL;41180092;b3S;;I;2;MACEIO;AL;09/2000;12.210;7.511;9.400;9.071;2.810;257;0;3
CCR SUDOESTE GOIANO LTDA;24795049;b3S;;I;2;RIO VERDE;GO;09/2000;12.126;8.086;5.369;3.294;6.757;249;0;2
CECM PERDIGAO LTDA;82096447;b3S;;I;2;VIDEIRA;SC;09/2000;11.989;7.630;1.929;1.719;10.060;312;0;5
CCR DA REGIAO NORTE DO PARANA;81673154;b3S;;I;2;CORNELIO PROCOPIO;PR;09/2000;11.836;5.369;9.565;5.794;2.271;-129;0;14
CCR DE SAO MIGUEL DO OESTE;81607046;b3S;;I;2;SAO MIGUEL D'OESTE;SC;09/2000;11.833;4.032;10.668;10.449;1.165;68;0;6
CENTRAL DE CECM DO ESTADO DO RS LTDA-UNICRED CENTRAL RS;1634601;b3C;;I;2;PORTO ALEGRE;RS;09/2000;11.804;4;11.173;11.084;631;15;0;0
CECM MEDICOS E DEMAIS PROF DA SAUDE DA FOZ DO RIO ITAJAI ACU;74114042;b3S;;I;2;ITAJAI;SC;09/2000;11.617;2.908;9.703;9.630;1.914;66;0;1
CCR VALE DO JAGUARI LTDA;87780284;b3S;;I;2;SANTIAGO;RS;09/2000;11.578;6.056;7.298;6.250;4.280;129;0;5
ELITE - CORRETORA DE CAMBIO E VALORES MOBILIARIOS LTDA;28048783;n2;;I;2;RIO DE JANEIRO;RJ;09/2000;11.553;0;4.465;0;7.088;204;2;0
DIVALPAR DISTRIBUIDORA DE TITULOS E VALORES MOBILIARIOS LTDA;76641265;n2;;I;2;CURITIBA;PR;09/2000;11.511;0;3.387;0;8.124;-102;1;0
SENIOR S/A CORRETORA DE CAMBIO,TITULOS E VALORES MOBILIARIOS;69018810;n2;;I;2;SANTOS;SP;09/2000;11.485;0;8.286;501;3.199;-627;3;0
CECM DOS COLABORADORES  CIA.VALE DO RIO DOCE LTDA-CRETOVALE;28145589;b3S;;I;2;VITORIA;ES;09/2000;11.450;7.391;7.069;6.187;4.380;270;0;2
MASTERPLAN S.A. CREDITO, FINANCIAMENTOS E INVESTIMENTOS;92764489;n1;;I;2;PORTO ALEGRE;RS;09/2000;11.433;11.369;6.173;2.949;5.260;-2.358;1;0
CCR SUDOESTE;84974278;b3S;;I;2;SAO JOAO;PR;09/2000;11.357;4.455;9.005;6.605;2.352;74;0;5
FIN-HAB CREDITO IMOBILIARIO S/A;90535998;n1;;I;2;PORTO ALEGRE;RS;09/2000;11.291;2.415;3.715;0;7.576;24;1;0
MORADA - LEASING S.A. ARRENDAMENTO MERCANTIL;43717511;n1;;I;2;RIO DE JANEIRO;RJ;09/2000;10.845;0;5.139;5.101;5.707;-345;0;0
CECM DOS MEDICOS E DEMAIS PROFIS.DA SAUDE DO NOR CATARINENSE;1392522;b3S;;I;2;JOINVILLE;SC;09/2000;10.817;2.328;9.867;9.769;950;50;0;2
CCR EUNAPOLIS LTDA - SICOOB EUNAPOLIS;2417755;b3S;;I;2;EUNAPOLIS;BA;09/2000;10.783;9.531;9.139;8.647;1.644;72;0;2
CECM DOS MEDICOS DE LAGES;1052245;b3S;;I;2;LAGES;SC;09/2000;10.759;2.679;9.809;9.739;950;69;0;4
CCR DE SANTA MARIA DE JETIBA LTDA - SICOOB JETIBA;31804966;b3S;;I;2;SANTA MARIA DE JETIBA;ES;09/2000;10.658;7.899;8.233;7.931;2.426;64;0;4
CLIPPER DISTRIBUIDORA DE TITULOS E VALORES MOBILIARIOS LTDA.;62124029;n2;;I;2;RIO DE JANEIRO;RJ;09/2000;10.647;0;8.669;8.542;1.978;6;2;0
CCR BOM DESPACHO LTDA;21670187;b3S;;I;2;BOM DESPACHO;MG;09/2000;10.542;6.178;6.878;5.665;3.664;150;0;1
CECM DOS MEDICOS DOS VALES DO TAQUARI E RIO PARDO LTDA;1635462;b3S;;I;2;LAJEADO;RS;09/2000;10.342;5.149;9.061;8.986;1.280;91;0;3
CCR PANAMBI LTDA;91983155;b3S;;I;2;PANAMBI;RS;09/2000;10.340;6.964;8.741;3.019;1.598;15;0;1
PATAGON.COM CORRETORA DE CAMBIO E VALORES MOBILIARIOS S.A.;58160250;n2;;I;3;SANTOS;SP;09/2000;10.328;0;1.078;0;9.249;-8;3;0
CCR PARA DE MINAS LTDA;25387713;b3S;;I;2;PARA DE MINAS;MG;09/2000;10.256;4.463;7.431;6.843;2.825;158;0;3
CECM DOS MEDICOS - UNICRED NITEROI LTDA;1090027;b3S;;I;2;NITEROI;RJ;09/2000;10.244;4.544;7.472;7.150;2.772;321;0;0
CECMS DA UNIVERSIDADE FEDERAL DE LAVRAS LTDA;65338832;b3S;;I;2;LAVRAS;MG;09/2000;10.208;9.354;8.032;6.595;2.176;107;0;0
CCR DE PALMEIRA DAS MISSOES LTDA;87789178;b3S;;I;2;PALMEIRA DAS MISSOES;RS;09/2000;10.019;5.417;7.248;4.748;2.771;179;0;6
CREDIT LYONNAIS FINANCEIRA S.A. - CREDITO, FINANC E INVEST;1638542;n1;;I;3;SAO PAULO;SP;09/2000;10.015;0;1.087;0;8.928;-895;1;0
COOPERATIVA CENTRAL DE CREDITO DO MATO GROSSO DO SUL LTDA;33737818;b3C;;I;2;DOURADOS;MS;09/2000;9.918;2.615;8.699;8.548;1.219;23;0;0
PAO DE ACUCAR S/A DISTRIBUIDORA DE TIT.E VALORES MOBILIARIOS;62201553;n2;;I;3;SAO PAULO;SP;09/2000;9.910;0;2.056;0;7.854;248;1;0
CC SUL RIOGRANDENSE LTDA.;92796564;b3S;;I;2;PORTO ALEGRE;RS;09/2000;9.833;5.473;9.271;9.022;561;-27;0;1
UNILETRA S/A SOCIEDADE DE CREDITO, FINANC. E INVESTIMENTO;36321990;n1;;I;2;VITORIA;ES;09/2000;9.812;7.613;5.353;4.701;4.459;427;1;0
NORSUL CORRETORA DE CAMBIO E VALORES MOBILIARIOS S.A.;7365471;n2;;I;2;RIO DE JANEIRO;RJ;09/2000;9.808;0;6.053;0;3.754;39;1;0
CECM DOS MEDICOS DE NATAL UNICRED NATAL;70038237;b3S;;I;2;NATAL;RN;09/2000;9.745;8.101;7.220;7.121;2.524;193;0;1
CCECM DAS UNICREDS DO ESTADO DE SAO PAULO-UNICRED CENTRAL-SP;73085573;b3C;;I;2;SAO PAULO;SP;09/2000;9.737;643;7.776;7.547;1.960;14;0;0
CCR DE SANTA CRUZ DO SUL LTDA;95424891;b3S;;I;2;SANTA CRUZ DO SUL;RS;09/2000;9.723;3.733;6.949;5.993;2.774;-72;0;4
CECM COMERCIARIOS DE IGUATAMA LTDA.;66455718;b3S;;I;2;IGUATAMA;MG;09/2000;9.684;5.185;8.596;8.550;1.088;173;0;1
CCR CACHOEIRO DE ITAPEMIRIM - SICOOB CACHOEIRO;32467086;b3S;;I;2;CACHOEIRO DE ITAPEMIRIM;ES;09/2000;9.624;5.368;8.095;7.857;1.529;82;0;2
CECM MEDICOS JUIZ DE FORA LTDA.;71479653;b3S;;I;2;JUIZ DE FORA;MG;09/2000;9.587;4.001;6.226;5.869;3.361;111;0;5
CCR DO VALE DO CANOINHAS;78834975;b3S;;I;2;CANOINHAS;SC;09/2000;9.560;5.003;7.912;7.604;1.648;46;0;2
MERIDIONAL CORRETORA DE VALORES MOBILIARIOS E CAMBIO S/A;89560460;n2;;I;3;PORTO ALEGRE;RS;09/2000;9.421;0;6.739;0;2.683;-583;1;0
CCR DE NOVA PALMA LTDA;87755047;b3S;;I;2;NOVA PALMA;RS;09/2000;9.414;2.956;7.567;5.420;1.848;-27;0;2
APERN S.A. - CREDITO IMOBILIARIO;10694628;n1;;I;2;NATAL;RN;09/2000;9.361;7.021;6.164;0;3.197;32;1;0
BANCO DAS NACOES S.A;96230370;b2;;I;2;SAO PAULO;SP;09/2000;9.224;4.224;1.703;1.295;7.520;-494;3;0
PONTO FRIO LEASING S/A - ARRENDAMENTO MERCANTIL;42582072;n1;;I;2;RIO DE JANEIRO;RJ;09/2000;9.167;0;418;0;8.749;234;1;0
CCR DO OESTE DE MATO GROSSO LTDA;32995755;b3S;;I;2;TANGARA DA SERRA;MT;09/2000;9.120;3.282;7.839;7.678;1.281;-47;0;4
CCR MARECHAL CANDIDO RONDON;79052122;b3S;;I;2;MARECHAL CANDIDO RONDON;PR;09/2000;8.963;3.738;6.970;5.145;1.994;86;0;7
CCR POMPEU LTDA;66262643;b3S;;I;2;POMPEU;MG;09/2000;8.950;7.057;5.734;4.026;3.216;137;0;0
COOPERATIVA DE ECONOMIA E CRÉDITO MÚTUO DOS FUNCIONÁRIOS DA ABRIL;43438662;b3S;;I;2;SAO PAULO;SP;09/2000;8.833;6.618;1.534;0;7.300;352;0;0
COOPERATIVA DE CRÉDITO RURAL DE PITANGUI LTDA;41931221;b3S;;I;2;PITANGUI;MG;09/2000;8.799;4.817;7.386;6.794;1.413;11;0;2
CCR MURIAE LTDA;66193350;b3S;;I;2;MURIAE;MG;09/2000;8.787;5.466;6.435;5.663;2.352;269;0;8
ORLA DISTRIBUIDORA DE TITULOS E VALORES MOBILIARIOS LTDA;92904564;n2;;I;2;RIO DE JANEIRO;RJ;09/2000;8.725;0;6.965;0;1.760;84;1;0
CCR PONTAL DO TRIANGULO LTDA;26178533;b3S;;I;2;ITUIUTABA;MG;09/2000;8.688;5.243;7.146;6.640;1.542;91;0;4
SOLIDUS S.A. - CREDITO, FINANCIAMENTO E INVESTIMENTO;1598527;n1;;I;2;PORTO ALEGRE;RS;09/2000;8.682;7.847;5.629;5.336;3.053;-26;1;0
SENSO CORRETORA DE CAMBIO E VALORES MOBILIARIOS S.A;17352220;n2;;I;2;RIO DE JANEIRO;RJ;09/2000;8.624;0;4.913;0;3.712;-12;1;0
CENTRAL DAS COOPERATIVAS DE CREDITO DO DISTRITO FEDERAL LTDA;692214;b3C;;I;2;BRASILIA;DF;09/2000;8.547;3.095;6.250;5.890;2.296;74;0;0
GRADUAL CORRETORA DE CAMBIO, TITS E VALORES MOBILIARIOS LTDA;33918160;n2;;I;2;SANTOS;SP;09/2000;8.544;0;5.822;0;2.722;221;2;0
ARKHE CORRETORA DE TITULOS E VALORES MOBILIARIOS LTDA;3816975;n2;;I;2;RIO DE JANEIRO;RJ;09/2000;8.541;0;3.493;0;5.048;43;2;0
CCR DO VALE DO MOGI-GUACU;67960229;b3S;;I;2;DESCALVADO;SP;09/2000;8.501;6.218;6.093;5.711;2.408;51;0;4
CECM DOS MEDICOS DE CAMPINAS E REGIAO;71884498;b3S;;I;2;CAMPINAS;SP;09/2000;8.427;4.427;6.997;6.814;1.430;137;0;1
CECM MEDICOS E DEMAIS PROFISSIONAIS DA SAUDE DE CRICIUMA;75847;b3S;;I;2;CRICIUMA;SC;09/2000;8.410;2.960;7.361;6.591;1.050;49;0;2
CCR CACHOEIRENSE LTDA;88471024;b3S;;I;2;CACHOEIRA DO SUL;RS;09/2000;8.340;4.781;4.243;3.341;4.096;-83;0;2
H H PICCHIONI S/A CORRETORA DE CAMBIO E VALORES MOBILIARIOS;17312083;n2;;I;2;BELO HORIZONTE;MG;09/2000;8.319;0;2.490;0;5.830;80;1;0
FAIR - CORRETORA DE CAMBIO E VALORES LTDA.;32648370;n2;;I;2;PORTO ALEGRE;RS;09/2000;8.290;0;5.157;0;3.133;-142;3;0
CCR SETE LAGOAS LTDA;22753982;b3S;;I;2;SETE LAGOAS;MG;09/2000;8.289;4.389;7.052;6.326;1.237;99;0;4
CCME EM SERVICOS PUBLICOS DO RIO DE JANEIRO LTDA;33502345;b3S;;I;2;RIO DE JANEIRO;RJ;09/2000;8.255;4.083;2.838;439;5.417;154;0;0
CCR DE IBIRUBA LTDA;87732657;b3S;;I;2;IBIRUBA;RS;09/2000;8.255;3.518;6.749;4.226;1.506;19;0;3
CCR VALE DO RIO DOCE LTDA;25606237;b3S;;I;2;GOVERNADOR VALADARES;MG;09/2000;8.201;4.736;5.405;4.828;2.797;55;0;2
NATURA FINANCIADORA S/A-CREDITO,FINANCIAMENTO E INVESTIMENTO;60883329;n1;;I;2;SAO PAULO;SP;09/2000;8.127;0;263;0;7.864;177;1;0
CCR DOS FORNECEDORES DE CANA DA REG DE CATANDUVA LTDA;49654502;b3S;;I;2;CATANDUVA;SP;09/2000;8.067;6.807;1.308;0;6.759;240;0;0
CECME DO GRUPO PAO DE ACUCAR;46277273;b3S;;I;2;SAO PAULO;SP;09/2000;8.037;6.534;177;0;7.860;261;0;0
CECM COMERCIANTES CONFECCOES TEOFILO OTONI LTDA.;1609024;b3S;;I;2;TEOFILO OTONI;MG;09/2000;8.003;6.623;7.011;6.815;992;10;0;4
CCR DE BAGE LTDA;88530142;b3S;;I;2;BAGE;RS;09/2000;7.925;5.051;5.968;5.336;1.957;-303;0;5
CCR DE CERRO LARGO LTDA;88894548;b3S;;I;2;CERRO LARGO;RS;09/2000;7.772;2.358;5.982;4.928;1.790;59;0;6
CCR DAS REGIOES NORDESTE PAULISTA E SUL MINEIRA;62612643;b3S;;I;2;BRAGANCA PAULISTA;SP;09/2000;7.749;13.022;18.421;16.984;-10.672;-1.170;0;0
MARLIN S.A. CORRETORA DE CAMBIO TIT. E VALS. MOBILIARIOS;28317501;n2;;I;2;RIO DE JANEIRO;RJ;09/2000;7.734;0;5.064;0;2.669;34;3;0
CCR DE ITAI-PARANAPANEMA-AVARE;966246;b3S;;I;2;ITAI;SP;09/2000;7.731;895;6.675;6.571;1.056;78;0;2
COOPERATIVA DE CRÉDITO RURAL DOS PRODUTORES DA REGIÃO DE TRÊS PONTAS LTDA;18966739;b3S;;I;2;TRES PONTAS;MG;09/2000;7.718;5.817;5.855;4.325;1.863;72;0;2
COOPERATIVA DE CRÉDITO RURAL DE SÃO JOSÉ DA LAGE;12706834;b3S;;I;2;SAO JOSE DA LAJE;AL;09/2000;7.666;7.650;6.137;5.884;1.528;171;0;0
COOPERATIVA DE CRÉDITO RURAL CONQUISTA LIMITADA - CREDIC;32655946;b3S;;I;2;VITORIA DA CONQUISTA;BA;09/2000;7.653;25;3.672;1.284;3.981;32.390;0;0
CCR VALE DO PARANAIBA LTDA;24799033;b3S;;I;2;QUIRINOPOLIS;GO;09/2000;7.652;4.244;4.439;3.669;3.212;181;0;4
SITA SOCIEDADE CORRETORA DE CAMBIO E VALORES MOBILIARIOS S.A;17315359;n2;;I;2;BELO HORIZONTE;MG;09/2000;7.636;969;1.682;0;5.954;528;1;0
CECM MEDICOS E DEMAIS PROFISSIONAIS DA SAUDE DE IJUI;1526924;b3S;;I;2;IJUI;RS;09/2000;7.598;2.103;6.825;6.798;774;98;0;0
INVESTOR;50407;b2;;C;2;RIO DE JANEIRO;RJ;09/2000;7.543;5.220;6.470;5.408;1.073;-9;2;0
EUROLEASE S.A. ARRENDAMENTO MERCANTIL;42290403;n1;;I;3;PASSA QUATRO;MG;09/2000;7.481;5.003;2.930;2.912;4.551;-83;1;0
CCR DO VALE DO JURUENA LTDA;70431630;b3S;;I;2;JUINA;MT;09/2000;7.477;4.348;5.896;5.484;1.581;128;0;7
UNILETRA CORRETORA DE CAMBIO TITULOS E VAL. MOBILIARIOS LTDA;28156214;n2;;I;2;VITORIA;ES;09/2000;7.445;0;5.788;4.715;1.658;61;1;0
FININVEST S.A. DISTRIBUIDORA DE TITULOS E VALS. MOBILIARIOS;34111369;n2;;I;2;RIO DE JANEIRO;RJ;09/2000;7.417;0;2.110;0;5.307;62;2;0
CECME ESTABELECIMENTOS HOSPITALARES BH E REG.METROPOLITANA;19402130;b3S;;I;2;BELO HORIZONTE;MG;09/2000;7.404;5.804;1.671;1.494;5.733;383;0;0
COOPERATIVA DE ECONOMIA E CREDITO MUTUO DOS SERVIDORES DO PODER JUDICIARIO DO ESTADO DO RIO DE JANEIRO LTDA.;2000895;b3S;;I;2;RIO DE JANEIRO;RJ;09/2000;7.378;6.297;3.783;3.668;3.595;35;0;1
BGN LEASING S.A.-ARRENDAMENTO MERCANTIL;1852137;n1;;I;2;RECIFE;PE;09/2000;7.362;12;1.016;0;6.346;169;1;0
CECM DOS MEDICOS DAS MISSOES LTDA;95163002;b3S;;I;2;SANTO ANGELO;RS;09/2000;7.314;3.564;5.571;5.511;1.743;173;0;1
CCR VALE DO PARANAPANEMA;1637949;b3S;;I;2;PRESIDENTE PRUDENTE;SP;09/2000;7.290;5.676;5.613;5.421;1.677;227;0;0
CCR PRODUTORES DE LEITE DO VALE DO RIO GRANDE LTDA;86585049;b3S;;I;2;UBERABA;MG;09/2000;7.281;4.306;5.133;5.002;2.147;274;0;2
CCR ITAPIRANGA LTDA;78483310;b3S;;I;2;ITAPIRANGA;SC;09/2000;7.262;2.496;6.360;6.163;902;10;0;2
CCR AURIVERDE SICOOB/SC CUNHA PORA;78858107;b3S;;I;2;CUNHA PORA;SC;09/2000;7.260;2.803;6.103;5.900;1.156;160;0;3
CCR DO EXTREMO SUDOESTE DO PARANA;82527557;b3S;;I;2;CAPANEMA;PR;09/2000;7.182;3.544;5.836;4.932;1.346;36;0;7
CECMM DE SAO CARLOS - UNICRED DE SAO CARLOS;71988653;b3S;;I;2;SAO CARLOS;SP;09/2000;7.152;1.768;6.135;6.040;1.017;68;0;0
CCR DO NOROESTE DE MATO GROSSO LTDA;33022690;b3S;;I;2;ARAPUTANGA;MT;09/2000;7.142;3.735;6.165;5.854;977;-70;0;9
CECME DAS EMPRESAS RHODIA POLIAMIDA - CREDIRHODIAPOLIAMIDA;57563728;b3S;;I;2;SANTO ANDRE;SP;09/2000;7.126;4.813;3.778;1.614;3.348;105;0;0
CECMC DA CIA SIDER.TUBARAO E EMP.SIDERURGIA LTDA-COOPSIDER;27320779;b3S;;I;2;SERRA;ES;09/2000;7.118;6.554;7.547;7.399;-429;-424;0;1
DIMARCO DISTRIBUIDORA DE TITULOS E VALORES MOBLIARIOS S/A;28116887;n2;;I;2;RIO DE JANEIRO;RJ;09/2000;7.113;0;3.862;0;3.251;277;2;0
CECM DO GRUPO BASF;74244344;b3S;;I;2;SAO BERNARDO DO CAMPO;SP;09/2000;7.062;4.432;120;0;6.942;240;0;0
CCR ITAIPU;81014060;b3S;;I;2;PINHALZINHO;SC;09/2000;7.033;3.706;5.667;5.369;1.366;33;0;6
CCR SUL CATARINENSE;81367880;b3S;;I;2;TURVO;SC;09/2000;6.989;3.139;5.889;5.766;1.100;48;0;2
CCR DE FAXINAL DO SOTURNO LTDA;87788394;b3S;;I;2;FAXINAL DO SOTURNO;RS;09/2000;6.917;2.806;5.439;3.747;1.478;-17;0;3
COOPERATIVA DE CREDITO RURAL DE LINHARES - SICOOB LINHARES;32430233;b3S;;I;2;LINHARES;ES;09/2000;6.892;3.687;5.505;5.267;1.387;-40;0;3
BALUARTE S/A CORRETORA DE CAMBIO;61688131;n2;;I;2;SAO PAULO;SP;09/2000;6.868;0;717;54;6.151;68;1;0
CCR LINENSE;73073025;b3S;;I;2;LINS;SP;09/2000;6.867;6.364;9.836;9.698;-2.969;-679;0;1
GUILTON S.A.-CREDITO FINANCIAMENTO E INVESTIMENTO;96234646;n1;;I;2;AMERICANA;SP;09/2000;6.817;2.844;156;6;6.661;69;1;0
CECMM E DEMAIS PROFISSIONAIS AREA SAUDE DE TAUBATE - UNICRED;71698674;b3S;;I;2;TAUBATE;SP;09/2000;6.713;2.425;4.955;4.780;1.758;74;0;2
COOPERATIVA DE CRÉDITO RURAL DE PATOS DE MINAS LTDA - CREDIPATOS;25387671;b3S;;I;2;PATOS DE MINAS;MG;09/2000;6.713;4.136;5.082;3.706;1.631;-425;0;4
CECMC GRUPO PITAGORAS LTDA.;19523943;b3S;;I;2;BELO HORIZONTE;MG;09/2000;6.710;3.089;4.810;4.562;1.900;-45;0;0
CCR ARCO IRIS LTDA;78825023;b3S;;I;2;PALMITOS;SC;09/2000;6.705;2.151;5.771;5.532;933;25;0;8
CCR COOPAVEL LTDA;76461557;b3S;;I;2;CASCAVEL;PR;09/2000;6.702;5.026;4.516;4.024;2.186;159;0;0
CCR CURVELO LTDA;21682737;b3S;;I;2;CURVELO;MG;09/2000;6.699;5.735;6.330;4.629;369;-267;0;3
CCR DE CANDIDO MOTA - CREDIMOTA;66788142;b3S;;I;2;CANDIDO MOTA;SP;09/2000;6.650;5.502;5.943;5.750;707;84;0;0
CECMS MUNICIPAIS DE SAO PAULO - COOPERCREDI - SP;915950;b3S;;I;2;SAO PAULO;SP;09/2000;6.640;5.087;284;4;6.356;189;0;0
CECME INSTITUICOES ENSINO SUPERIOR SUL MINAS LTDA.;2414044;b3S;;I;2;ALFENAS;MG;09/2000;6.626;1.218;5.652;5.509;975;23;0;2
CCR REGIAO DE POCOS DE CALDAS LTDA;86589645;b3S;;I;2;POCOS DE CALDAS;MG;09/2000;6.580;6.064;5.234;3.156;1.347;114;0;4
CC DOS PLANTADORES DE CANA DA REGIAO DE JAU;52198074;b3S;;I;2;JAU;SP;09/2000;6.550;4.076;1.451;1.227;5.099;116;0;0
DIFERENCIAL CORRETORA DE TITULOS E VALORES MOBILIARIOS S.A;92885631;n2;;I;2;PORTO ALEGRE;RS;09/2000;6.509;0;4.184;0;2.325;175;0;0
CREFILEASING S/A ARRENDAMENTO MERCANTIL;47190798;n1;;I;2;SAO PAULO;SP;09/2000;6.508;0;39;0;6.469;151;1;0
CECM MEDICOS E DEMAIS PROF DA SAUDE DA REGIAO DA AMUREL;1052693;b3S;;I;2;TUBARAO;SC;09/2000;6.503;2.874;5.520;5.455;982;0;0;4
CECMAM REG SAO JOSE DO RIO PRETO - ALCRED SAO JOSE RIO PRETO;3065046;b3S;;I;2;SAO JOSE DO RIO PRETO;SP;09/2000;6.473;4.437;5.985;5.946;488;120;0;1
CECM DOS MEDICOS DA REGIAO OESTE DO PARANA LTDA;1736243;b3S;;I;2;CASCAVEL;PR;09/2000;6.472;3.607;5.368;5.186;1.104;172;0;1
WALE S/A DISTRIBUIDORA DE TITULOS E VALORES MOBILIARIOS;33829292;n2;;I;2;RIO DE JANEIRO;RJ;09/2000;6.460;0;268;0;6.193;141;2;0
CECM MEDICOS PROF.NIVEL SUPERIOR SAUDE GOVERNADOR VALADARES;1110032;b3S;;I;2;GOVERNADOR VALADARES;MG;09/2000;6.413;1.924;4.935;4.765;1.479;81;0;0
COOPERATIVA DE CRÉDITO DE PRODUTORES RURAIS DO TRIÂNGULO LTDA;41669227;b3S;;I;2;UBERLANDIA;MG;09/2000;6.397;3.156;4.673;4.103;1.724;40;0;2
CECM MEDICOS PROF SAUDE REGIAO SUL BA UNICRED REGIAO SUL BA;97489280;b3S;;I;2;ITABUNA;BA;09/2000;6.387;3.734;4.615;4.459;1.771;360;0;3
COOPERATIVA DE ECONOMIA E CRÉDITO MÚTUO DOS FABRICANTES DE CALÇADOS DE NOVA SERRANA LTDA.;1667766;b3S;;I;2;NOVA SERRANA;MG;09/2000;6.380;4.308;4.472;4.351;1.908;246;0;0
CCR DE MANDAGUARI;79457883;b3S;;I;2;MANDAGUARI;PR;09/2000;6.379;1.615;3.804;2.935;2.575;0;0;2
CREDFAZ-CECMF DO MINISTERIO DA FAZENDA;952415;b3S;;I;2;BRASILIA;DF;09/2000;6.376;6.074;1.541;583;4.836;347;0;0
CCR CAFEICULTORES DA REGIAO DE LAJINHA LTDA;25395435;b3S;;I;2;LAJINHA;MG;09/2000;6.376;2.738;4.952;4.425;1.424;57;0;2
CC POPULAR DE OLIMPIA LTDA;53224630;b3S;;I;2;OLIMPIA;SP;09/2000;6.354;5.578;5.843;5.771;510;73;0;0
CCR DO LESTE DE MATO GROSSO LTDA;32953317;b3S;;I;2;AGUA BOA;MT;09/2000;6.320;3.533;4.469;4.121;1.850;-43;0;6
LINK S.A. CORRETORA DE CAMBIO, TITULOS E VALORES MOBILIARIOS;2819125;n2;;I;2;SANTOS;SP;09/2000;6.308;0;3.820;0;2.488;-38;2;0
CECM MEDICOS E DEMAIS PROF. DA SAUDE DO VALE DO SINOS LTDA;1796302;b3S;;I;2;NOVO HAMBURGO;RS;09/2000;6.300;2.496;5.520;5.466;780;59;0;3
CREDISUTRI-CCMS STJ,CONS.JUST.FED,TRF E JUST.FED.1.INST LTDA;37076205;b3S;;I;2;BRASILIA;DF;09/2000;6.292;4.660;3.441;3.278;2.851;59;0;0
FININVEST LEASING ARRENDAMENTO MERCANTIL S.A;2884541;n1;;I;2;RIO DE JANEIRO;RJ;09/2000;6.251;0;213;0;6.039;144;0;0
COOPERATIVA DE ECONOMIA E CRÉDITO MÚTUO DOS FUNCIONÁRIOS DA CEPLAC LTDA;32615247;b3S;;I;2;ILHEUS;BA;09/2000;6.233;4.927;2.315;1.760;3.918;194;0;1
CECM MEDICOS E DEMAIS PROFISSIONAIS DA SAUDE DE CRUZ ALTA;73326449;b3S;;I;2;CRUZ ALTA;RS;09/2000;6.227;2.720;5.202;3.877;1.025;69;0;1
CECMM E DPNSS DE RIO CLARO - UNICRED DE RIO CLARO;1259518;b3S;;I;2;RIO CLARO;SP;09/2000;6.200;3.034;5.028;4.877;1.173;117;0;0
CCR DE CACAPAVA DO SUL LTDA;88473798;b3S;;I;2;CACAPAVA DO SUL;RS;09/2000;6.184;2.850;4.039;3.317;2.146;93;0;3
CC PRODUTORES RURAIS DA REGIAO DE CARATINGA LTDA;19449602;b3S;;I;2;CARATINGA;MG;09/2000;6.183;3.620;3.221;2.252;2.961;108;0;0
MUNDINVEST S.A.-CORRETORA DE CAMBIO E VALORES MOBILIARIOS;25674235;n2;;I;2;BELO HORIZONTE;MG;09/2000;6.157;0;2.914;0;3.243;205;1;0
CCR DO PLANALTO PAULISTA - CREDISOLO;2359108;b3S;;I;2;GARCA;SP;09/2000;6.127;5.170;5.534;5.502;593;90;0;0
CCR NOVA MUTUM LTDA;26529420;b3S;;I;2;NOVA MUTUM;MT;09/2000;6.107;3.274;4.897;4.840;1.209;39;0;0
CECME DAS EMPRESAS ZILLO LORENZETTI;58022195;b3S;;I;2;LENCOIS PAULISTA;SP;09/2000;6.089;4.984;925;4;5.164;157;0;0
CECM PESSOAL INTEGRANTE DO TRT - 3A.REGIAO LTDA.;25363615;b3S;;I;2;BELO HORIZONTE;MG;09/2000;6.083;4.848;2.592;2.194;3.492;300;0;0
CCR DE JACINTO MACHADO;85291086;b3S;;I;2;JACINTO MACHADO;SC;09/2000;6.025;2.083;5.299;4.379;725;45;0;2
C ITAQUIENSE DE CREDITO RURAL LTDA;87733077;b3S;;I;2;ITAQUI;RS;09/2000;6.014;5.458;2.007;1.422;4.007;78;0;1
CCR PLANTADORES DE CANA DO VALE DO SAO PATRICIO LTDA;968602;b3S;;I;2;GOIANESIA;GO;09/2000;6.009;1.566;1.657;1.055;4.352;282;0;0
CCR SACRAMENTO LTDA;71154256;b3S;;I;2;SACRAMENTO;MG;09/2000;5.975;5.870;4.304;2.123;1.671;-21;0;0
CECME DA RHODIA PAULINIA;46058731;b3S;;I;2;PAULINIA;SP;09/2000;5.969;5.465;1.607;0;4.362;150;0;0
CECM DOS MEDICOS E DEMAIS PROFISSIONAIS DA SAUDE DE ERECHIM;1572667;b3S;;I;2;ERECHIM;RS;09/2000;5.943;2.146;5.371;5.341;572;116;0;0
INDOSUEZ W. I. CARR SECURITIES -BRAZIL- DIST TIT VAL MOB S.A;55230916;n2;;I;3;SAO PAULO;SP;09/2000;5.911;0;1.652;0;4.259;-1.146;1;0
CCR CAMPOS DAS VERTENTES LTDA;22724710;b3S;;I;2;SAO TIAGO;MG;09/2000;5.907;2.909;4.723;4.386;1.184;-63;0;12
CCR VALE DO GORUTUBA LTDA;25404542;b3S;;I;2;JANAUBA;MG;09/2000;5.865;4.195;3.210;2.968;2.655;163;0;1
CECM MEDICOS DEMAIS PROFISSIONAIS SAUDE VARGINHA LTDA.;71418784;b3S;;I;2;VARGINHA;MG;09/2000;5.840;1.988;4.794;4.684;1.046;69;0;1
CCR CARMO DO PARANAIBA LTDA;23949522;b3S;;I;2;CARMO DO PARANAIBA;MG;09/2000;5.828;3.826;4.465;3.026;1.363;244;0;0
CECMS DO TRIBUNAL DE JUSTICA DE MATO GROSSO;3326437;b3S;;I;2;CUIABA;MT;09/2000;5.821;4.340;5.421;5.365;400;46;0;0
ARAUCÁRIA CORRETORA DE CÂMBIO, TÍTULOS E VALORES MOBILIÁRIOS S.A.;81742017;n2;;I;2;CURITIBA;PR;09/2000;5.819;0;509;0;5.310;101;1;0
CCR DO MEDIO ARAGUAIA LTDA;26571224;b3S;;I;2;BARRA DO GARCAS;MT;09/2000;5.818;3.748;4.806;4.604;1.012;-153;0;1
CECM MEDICOS E DEMAIS PROF NIVEL SUPERIOR SAUDE VITORIA LTDA;39808449;b3S;;I;2;VITORIA;ES;09/2000;5.799;2.124;3.803;3.369;1.996;149;0;0
CECM MEDICOS DEMAIS PROFISSIONAIS SAUDE OESTE DE MINAS LTDA;71425458;b3S;;I;2;FORMIGA;MG;09/2000;5.775;3.154;4.897;4.678;878;4;0;7
BESC-DISTRIBUIDORA DE TITS.E VALS.MOBILIARIOS SA-BESCVAL;82518523;n2;;I;1;FLORIANOPOLIS;SC;09/2000;5.745;0;701;0;5.044;205;1;0
CCR FORMIGA LTDA;41931445;b3S;;I;2;FORMIGA;MG;09/2000;5.708;3.977;3.829;2.959;1.879;70;0;0
CECM DOS MEDICOS DE TOLEDO LTDA;1286361;b3S;;I;2;TOLEDO;PR;09/2000;5.700;4.331;4.760;4.673;940;105;0;9
CCR DE ITABUNA LTDA;16357832;b3S;;I;2;ITABUNA;BA;09/2000;5.634;3.434;4.740;4.560;894;183;0;0
CECM DOS MAGISTRADOS DE SAO PAULO;51489318;b3S;;I;2;SAO PAULO;SP;09/2000;5.574;3.686;1.960;1.834;3.613;-16;0;0
CCECM DAS UNICREDS DOS ESTADOS DO AC/BA-UNICRED CENTRAL N/NE;70119680;b3C;;I;2;JOAO PESSOA;PB;09/2000;5.557;2.565;1.443;1.276;4.114;143;0;0
CECMM ALTA MOGIANA-CREDIMED;69346856;b3S;;I;2;FRANCA;SP;09/2000;5.541;2.352;4.960;4.853;582;-13;0;1
COOPERATIVA DE ECONOMIA E CRÉDITO MÚTUO DOS MÉDICOS E DEMAIS PROFISSIONAIS DA SAÚDE DE NÍVEL SUPERIOR DA REGIÃO AGRESTE E SERTÃO CENTRAL DO ESTADO DE PERNAMBUCO - UNICRED CENTRO PERNAMBUCANA;41255225;b3S;;I;2;CARUARU;PE;09/2000;5.538;2.544;4.503;4.351;1.035;94;0;3
CECME DA DERSA-CREDIDERSA;66555665;b3S;;I;2;SAO PAULO;SP;09/2000;5.488;3.718;167;0;5.321;213;0;0
COOPERATIVA DE ECONOMIA E CRÉDITO MÚTUO DOS SERVIDORES DO PODER EXECUTIVO FEDERAL EM BRASÍLIA LTDA.;694877;b3S;;I;2;BRASILIA;DF;09/2000;5.471;3.153;2.823;2.369;2.648;59;0;1
CETRO-CORRETORA DE TITULOS E VALORES MOBILIARIOS LTDA;1235298;n2;;I;2;PORTO ALEGRE;RS;09/2000;5.468;0;3.888;0;1.580;-57;1;0
CECMS DA UNIVERSIDADE FEDERAL FLUMINENSE LTDA;29283884;b3S;;I;2;NITEROI;RJ;09/2000;5.429;369;4.944;140;485;-127;0;0
AGENCIA DE FOMENTO DO ESTADO DO AMAPA S.A. - AFAP;2929977;n1;;I;1;MACAPA;AP;09/2000;5.429;1.243;538;0;4.891;150;1;0
CCR DE COLORADO LTDA;87776209;b3S;;I;2;COLORADO;RS;09/2000;5.423;2.786;4.043;1.857;1.380;-107;0;2
CCMF DA CARGILL;68228006;b3S;;I;2;SAO PAULO;SP;09/2000;5.391;3.562;304;0;5.087;210;0;0
COOPERATIVA DE CRÉDITO RURAL DE ARAGUARI LTDA;68987;b3S;;I;2;ARAGUARI;MG;09/2000;5.369;3.409;4.005;3.817;1.363;106;0;0
SOLIDUS S.A. CORRETORA DE CAMBIO E VALORES MOBILIARIOS;68757681;n2;;I;2;PORTO ALEGRE;RS;09/2000;5.363;0;3.731;0;1.632;155;1;0
C & D DISTRIBUIDORA DE TITULOS E VALORES MOBILIARIOS LTDA;82016270;n2;;I;2;CURITIBA;PR;09/2000;5.355;0;4.186;1.735;1.169;220;1;0
CECM MEDICOS DEMAIS PROF. SAUDE IPATINGA LTDA;1806569;b3S;;I;2;IPATINGA;MG;09/2000;5.353;1.251;4.187;4.112;1.166;-20;0;3
CODEPE - CORRETORA DE VALORES S.A.;9512542;n2;;I;2;RECIFE;PE;09/2000;5.352;0;1.973;0;3.379;67;2;0
CECMAMDPNSS DAS REG DE ITAPETININGA, TATUI E ITAPEVA- ALCRED;2203219;b3S;;I;2;ITAPETININGA;SP;09/2000;5.338;3.787;4.899;4.842;439;-2;0;3
BANCO STERLING S.A.;33877150;b2;;I;2;RIO DE JANEIRO;RJ;09/2000;5.290;4.566;13.070;3.508;-7.779;-78;1;0
CCR SUL GOIANA LTDA;24792970;b3S;;I;2;GOIATUBA;GO;09/2000;5.278;3.659;3.623;3.119;1.656;44;0;2
AGENCIA DE FOMENTO DO ESTADO DE RORAIMA S.A. - AFERR;3058464;n1;;I;1;BOA VISTA;RR;09/2000;5.269;0;591;0;4.678;17;1;0
CCR DA ALTA PAULISTA;59869560;b3S;;I;2;ADAMANTINA;SP;09/2000;5.228;4.139;4.095;3.982;1.134;113;0;3
CECM MEDICOS DEMAIS PROFISSIONAIS SAUDE BETIM LTDA;71411854;b3S;;I;2;BETIM;MG;09/2000;5.195;1.933;3.967;3.798;1.228;-16;0;3
COOPERATIVA DE CRÉDITO RURAL DE SANTO ANTONIO DO MONTE LTDA - CREDIMONTE;41707258;b3S;;I;2;SANTO ANTONIO DO MONTE;MG;09/2000;5.194;3.382;3.127;2.745;2.067;65;0;0
CCR ALPINOPOLIS LTDA;25353939;b3S;;I;2;ALPINOPOLIS;MG;09/2000;5.136;3.898;3.327;1.976;1.808;72;0;1
CECM DOS CORRETORES DE SEGUROS DE BLUMENAU;2295034;b3S;;I;2;BLUMENAU;SC;09/2000;5.131;3.731;4.489;4.348;642;82;0;2
CECME DA BAYER E EMPRESAS CONTROLADAS LTDA;73631483;b3S;;I;2;BELFORD ROXO;RJ;09/2000;5.119;2.041;596;464;4.523;224;0;0
CCR DE CAARAPO LTDA;26408138;b3S;;I;2;CAARAPO;MS;09/2000;5.114;3.009;3.966;3.786;1.148;83;0;2
CCR DO NOROESTE;81206039;b3S;;I;2;NOVA LONDRINA;PR;09/2000;5.092;1.885;4.647;4.573;445;-75;0;5
CCR BAMBUI LTDA;66259110;b3S;;I;2;BAMBUI;MG;09/2000;5.027;2.874;3.938;2.659;1.089;68;0;2
CECM INTEG MINIST PUBLICO PODER JUDIC PARA LTDA COIMPPA;84156470;b3S;;I;2;BELEM;PA;09/2000;5.024;4.051;1.973;1.234;3.051;151;0;0
CECMT DA CIA DE PROC.DE DADOS DO MUNIC.SAO PAULO-CREDIPRODAM;67031757;b3S;;I;2;SAO PAULO;SP;09/2000;5.017;3.332;187;9;4.831;142;0;0
CCR DE ITAMARAJU LTDA;1205736;b3S;;I;2;ITAMARAJU;BA;09/2000;5.016;4.195;4.074;4.009;942;140;0;1
C VALENTENSE DE CREDITO RURAL LTDA;73398646;b3S;;I;2;VALENTE;BA;09/2000;4.999;4.310;4.297;4.094;702;-42;0;1
CCR BRUMADENSE LTDA;71717;b3S;;I;2;BRUMADO;BA;09/2000;4.971;4.098;3.200;2.926;1.771;97;0;0
COOPERATIVA DE CRÉDITO DE GUARULHOS;49069990;b3S;;I;2;GUARULHOS;SP;09/2000;4.959;3.460;2.036;1.049;2.923;182;0;0
CCR DO CENTRO-OESTE PAULISTA;54213889;b3S;;I;2;MARILIA;SP;09/2000;4.953;4.599;5.777;5.737;-823;55;0;1
CCR DA REGIAO DE ARAXA LTDA;66398496;b3S;;I;2;ARAXA;MG;09/2000;4.930;3.064;3.890;3.562;1.041;51;0;3
BRASCAN CIA. HIPOTECARIA;3409228;n1;;I;3;RIO DE JANEIRO;RJ;09/2000;4.895;0;14;0;4.881;117;1;0
CCR SAO CRISTOVAO;82065285;b3S;;I;2;MARIOPOLIS;PR;09/2000;4.890;2.705;4.096;3.103;794;-82;0;4
COBANSA COMPANHIA HIPOTECARIA;53263331;n1;;I;2;SAO PAULO;SP;09/2000;4.889;0;310;0;4.579;-45;1;0
FUTURO CORRETORA DE VALORES LTDA;27652684;n2;;I;2;RIO DE JANEIRO;RJ;09/2000;4.868;0;1.949;0;2.919;105;1;0
CECME MANNESMANN E EMPR.CONSORCIADAS MG COOMANN LTDA.;64293582;b3S;;I;2;BELO HORIZONTE;MG;09/2000;4.840;4.379;536;0;4.304;210;0;0
PIONEER CORRETORA DE CAMBIO LTDA;69251239;n2;;I;2;SAO PAULO;SP;09/2000;4.838;0;1.380;0;3.457;283;3;0
CECM MEDICOS E DEMAIS PROF. DA SAUDE DA GRANDE SANTA ROSA;1775072;b3S;;I;2;SANTA ROSA;RS;09/2000;4.828;1.953;4.151;4.092;677;80;0;0
CECME DO GRUPO SCHAEFFLER;62284385;b3S;;I;2;SOROCABA;SP;09/2000;4.813;3.543;413;0;4.399;176;0;0
CCR SAO ROQUE DE MINAS LTDA;66402207;b3S;;I;2;SAO ROQUE DE MINAS;MG;09/2000;4.795;3.511;3.498;2.734;1.297;89;0;2
S.K. DISTRIBUIDORA DE TITULOS E VALORES MOBILIARIOS LTDA;39846068;n2;;I;2;SAO PAULO;SP;09/2000;4.790;0;3.984;0;807;104;1;0
COOPERATIVA DE CREDITO RURAL RIO BANANAL-SICOOB RIO BANANAL;39345806;b3S;;I;2;RIO BANANAL;ES;09/2000;4.781;3.109;3.474;3.334;1.306;59;0;1
CAIXA ESTADUAL S.A. AGENCIA DE FOMENTO;2885855;n1;;I;1;PORTO ALEGRE;RS;09/2000;4.765;0;132;0;4.634;-4;1;0
COOPERATIVA DE ECONOMIA E CREDITO MUTUO DOS MEDICOS E DEMAIS PROFISSIONAIS DA AREA DE SAUDE DE SAO LOURENCO E REGIAO LTDA - UNICRED CIRCUITO DAS AGUAS;1605007;b3S;;I;2;SAO LOURENCO;MG;09/2000;4.744;3.625;4.019;3.970;725;45;0;2
PARATI - CREDITO, FINANCIAMENTO E INVESTIMENTO S.A.;3311443;n1;;I;2;VITORIA;ES;09/2000;4.725;630;291;0;4.434;143;1;0
AMERICAINVEST CORRETORA DE CAMBIO, TITS. E VALS. MOBS. LTDA.;2332886;n2;;I;2;RIO DE JANEIRO;RJ;09/2000;4.723;0;2.973;0;1.750;-339;1;0
CECM COMERCIANTES MATERIAIS CONST.GOVERNADOR VALADARES LTDA.;1559914;b3S;;I;2;GOVERNADOR VALADARES;MG;09/2000;4.718;4.015;4.416;3.815;302;-124;0;0
CCR DE VIDEIRA;81016131;b3S;;I;2;VIDEIRA;SC;09/2000;4.712;1.656;4.278;4.183;433;2;0;3
CCR DE CANARANA LTDA;33021064;b3S;;I;2;CANARANA;MT;09/2000;4.711;2.761;3.417;3.200;1.294;9;0;4
CECM ADVOGADOS DE GOIANIA LTDA;2480577;b3S;;I;2;GOIANIA;GO;09/2000;4.682;2.022;3.436;3.238;1.245;75;0;0
CCR CARLOS CHAGAS LTDA;41753500;b3S;;I;2;CARLOS CHAGAS;MG;09/2000;4.665;3.532;2.829;2.512;1.836;93;0;2
CCR DE COLIDER LTDA;37442605;b3S;;I;2;COLIDER;MT;09/2000;4.662;2.625;3.515;2.953;1.147;163;0;4
ATRIUM S.A. - CORRETORA DE VALORES MOBILIARIOS;62122718;n2;;I;2;PORTO ALEGRE;RS;09/2000;4.659;0;1.823;0;2.836;532;2;0
CCR DE ASTORGA;78141876;b3S;;I;2;ASTORGA;PR;09/2000;4.655;2.293;3.864;3.688;791;57;0;3
CCR DE AJURICABA LTDA;93136471;b3S;;I;2;AJURICABA;RS;09/2000;4.655;2.364;3.320;2.533;1.335;24;0;2
CECM MEDICOS E DEMAIS PROFISSIONAIS SAUDE POCOS CALDAS LTDA;2326434;b3S;;I;2;POCOS DE CALDAS;MG;09/2000;4.637;2.155;3.997;3.925;640;24;0;1
UNICRED DE NOVA FRIBURGO CECM DOS MEDICOS N.FRIBURGO LTDA.;918800;b3S;;I;2;NOVA FRIBURGO;RJ;09/2000;4.633;1.282;4.116;4.055;517;-9;0;1
CCR PLANT. CANA E PRODUT.RURAIS NE DE MG E SUL BAHIA LTDA;64276058;b3S;;I;2;NANUQUE;MG;09/2000;4.633;2.976;3.826;3.099;807;71;0;1
MARSAM-DISTRIBUIDORA DE TITULOS E VALORES MOBILIARIOS LTDA;57988677;n2;;I;2;SAO PAULO;SP;09/2000;4.632;0;2.847;0;1.784;-219;1;0
CCR DIVINOPOLIS LTDA;25528753;b3S;;I;2;DIVINOPOLIS;MG;09/2000;4.623;2.343;3.710;3.283;913;22;0;2
AGENCIA DE FOMENTO DO RIO GRANDE DO NORTE S.A.;3848103;n1;;I;1;NATAL;RN;09/2000;4.606;0;76;0;4.530;-21;1;0
CECM MEDICOS DEMAIS PROF.SAUDE NIVEL SUPERIOR BARBACENA LTDA;86493426;b3S;;I;2;BARBACENA;MG;09/2000;4.585;1.905;3.755;3.635;830;70;0;0
CECM MEDICOS E DEMAIS PROF. DA SAUDE DE CHAPECO E REGIAO;1039011;b3S;;I;2;CHAPECO;SC;09/2000;4.582;1.013;3.884;3.835;698;32;0;2
CECMS UNIVERSIDADE FEDERAL DO ESPIRITO SANTO - CRED-UFES;27302181;b3S;;I;2;VITORIA;ES;09/2000;4.576;3.097;2.402;2.092;2.174;88;0;2
CCF DA ASEA BROWN BOVERI - COOPERABB;51010858;b3S;;I;2;GUARULHOS;SP;09/2000;4.536;4.303;498;87;4.037;257;0;0
CENTRAL DAS COOPERATIVAS DE CREDITO DO ESTADO DE MATO GROSSO;106180;b3C;;I;2;CUIABA;MT;09/2000;4.502;1.982;3.776;3.631;726;0;0;0
CCR JUSCIMEIRA LTDA;32983165;b3S;;I;2;JUSCIMEIRA;MT;09/2000;4.492;2.561;2.770;2.584;1.722;3;0;2
CCR DO OESTE LTDA;32666059;b3S;;I;2;BARREIRAS;BA;09/2000;4.486;3.890;3.424;3.223;1.062;-366;0;1
CECM MEDICOS DEMAIS PROF NIVEL SUP SAUDE DE SETE LAGOAS LTDA;71163315;b3S;;I;2;SETE LAGOAS;MG;09/2000;4.485;1.437;3.462;3.327;1.023;36;0;1
CECM DOS MEDICOS DE MANAUS LTDA;1566038;b3S;;I;2;MANAUS;AM;09/2000;4.470;4.272;2.828;2.584;1.643;-362;0;2
CECMF DA ERICSSON;48718183;b3S;;I;2;SAO PAULO;SP;09/2000;4.450;3.545;176;0;4.275;152;0;0
CCR PRODUTORES DO VALE DO PARAISO LTDA;22656789;b3S;;I;2;ESPERA FELIZ;MG;09/2000;4.446;3.202;3.548;2.530;898;36;0;9
CCR DE DOURADOS LTDA;26408161;b3S;;I;2;DOURADOS;MS;09/2000;4.446;1.774;3.528;3.197;918;64;0;3
CCR DOS PLANTADORES DE CANA DO PARANA;79063574;b3S;;I;2;JACAREZINHO;PR;09/2000;4.443;3.539;3.171;3.042;1.272;23;0;5
CORRETORA NACIONAL DE FUNDOS PUBLICOS LTDA;33815234;n2;;I;2;RIO DE JANEIRO;RJ;09/2000;4.440;2;1.915;0;2.526;10;1;0
UNICRED RECIFE CECM MED, PROF SAUDE N SUP GRANDE RECIFE LTDA;70241658;b3S;;I;2;RECIFE;PE;09/2000;4.435;2.604;2.980;2.826;1.456;76;0;2
CECM MEDICOS DEMAIS PROFISSIONAIS SAUDE DE ITAJUBA LTDA;1673891;b3S;;I;2;ITAJUBA;MG;09/2000;4.434;1.827;3.590;3.525;844;50;0;0
CC AGROPECUARIO DO OESTE;76059997;b3S;;I;2;TOLEDO;PR;09/2000;4.397;1.150;3.090;2.954;1.307;136;0;5
CCR SEPEENSE LTDA;87733341;b3S;;I;2;SAO SEPE;RS;09/2000;4.376;2.390;3.208;2.676;1.167;1;0;4
CECME USIMINAS EMPRESAS COLIGADAS LTDA.;19869338;b3S;;I;2;IPATINGA;MG;09/2000;4.354;3.412;432;326;3.922;192;0;0
CECM DOS PROFISSIONAIS MEDICOS DE CURITIBA E R.METROPOLITANA;2924977;b3S;;I;2;CURITIBA;PR;09/2000;4.351;801;4.009;3.961;343;50;0;1
CECME DAS EMPRESAS RANDON;89280960;b3S;;I;2;CAXIAS DO SUL;RS;09/2000;4.345;3.087;97;0;4.248;92;0;0
CECMS DA JUSTICA DO TRABALHO NO DF LTDA;37079720;b3S;;I;2;BRASILIA;DF;09/2000;4.344;3.320;2.645;2.448;1.699;101;0;2
CECMS DO PODER JUDICIARIO DO ESTADO DO E. SANTO - COOPJUD;1330295;b3S;;I;2;VITORIA;ES;09/2000;4.320;3.245;2.993;2.811;1.327;-4;0;8
CECMF DO GRUPO RIO ITA E COLIGADAS LTDA.;141155;b3S;;I;2;SAO GONCALO;RJ;09/2000;4.320;1.786;1.074;174;3.246;8;0;0
CITY CORRETORA DE CAMBIO E VALORES MOBILIARIOS LTDA.;35778562;n2;;I;2;RIO DE JANEIRO;RJ;09/2000;4.308;0;1.238;290;3.070;-159;1;0
CECM EMPREGADOS DA EATON DE VALINHOS;73077398;b3S;;I;2;VALINHOS;SP;09/2000;4.305;4.154;226;0;4.079;118;0;0
CECMM E DEMAIS PROF NIV SUP SAUDE STA BARBARA,AMERIC.NOVA OD;3055269;b3S;;I;2;AMERICANA;SP;09/2000;4.284;2.399;3.822;3.791;462;41;0;1
INTERCAM CORRETORA DE CAMBIO LTDA;34265629;n2;;I;2;SAO BERNARDO DO CAMPO;SP;09/2000;4.267;0;1.036;0;3.231;209;2;0
CCR UNAI LTDA;86564051;b3S;;I;2;UNAI;MG;09/2000;4.261;2.624;2.464;2.093;1.797;92;0;1
CCR BOA ESPERANCA LTDA;869687;b3S;;I;2;BOA ESPERANCA;MG;09/2000;4.242;3.383;2.821;1.825;1.421;73;0;0
CECM MEDICOS PROFISSIONAIS SAUDE CARATINGA LTDA.;71261184;b3S;;I;2;CARATINGA;MG;09/2000;4.240;1.114;3.651;3.571;589;10;0;2
SICREDI-UFMS  CECMS DA FUNDACAO UNIV FEDERAL MATO GROSSO SUL;24654881;b3S;;I;2;CAMPO GRANDE;MS;09/2000;4.236;2.746;1.832;1.657;2.404;121;0;1
COOPERATIVA DE ECONOMIA E CRÉDITO MÚTUO DOS FUNCIONÁRIOS DO CONGLOMERADO BATTISTELLA;67087569;b3S;;I;2;SAO PAULO;SP;09/2000;4.236;2.814;383;0;3.853;186;0;0
EMBLEMA S.A.-CORRETORA DE CAMBIO E VALORES;20833950;n2;;I;2;BELO HORIZONTE;MG;09/2000;4.231;0;2.133;0;2.098;25;1;0
UNICRED DOURADOS CECM MEDICOS DEM PROF SAUDE DE DOURADOS LTD;37554441;b3S;;I;2;DOURADOS;MS;09/2000;4.218;2.591;2.696;2.623;1.521;71;0;1
CECM COMERCIANTES CONFECCOES CENTRO OESTE MINAS GERAIS LTDA;1736516;b3S;;I;2;DIVINOPOLIS;MG;09/2000;4.208;4.085;3.454;3.163;754;117;0;0
CCR ABAETE LTDA;25420696;b3S;;I;2;ABAETE;MG;09/2000;4.206;2.560;2.164;1.613;2.042;56;0;2
CECM DOS MEDICOS DE NOVA IGUACU;86803939;b3S;;I;2;NOVA IGUACU;RJ;09/2000;4.201;1.909;2.039;1.761;2.162;66;0;0
CCR SANTOAUGUSTENSE LTDA;92564145;b3S;;I;2;SANTO AUGUSTO;RS;09/2000;4.178;1.658;3.041;2.281;1.138;-38;0;4
CORRETORA GERAL DE VALORES E CAMBIO LTDA;92858380;n2;;I;2;PORTO ALEGRE;RS;09/2000;4.163;0;1.658;0;2.505;219;1;0
BONCRED FINANCEIRA S.A.-CREDITO,FINANCIAMENTO E INVESTIMENTO;3468098;n1;;I;2;NOVO HAMBURGO;RS;09/2000;4.144;744;247;0;3.897;93;0;0
COOPERATIVA DE CREDITO RURAL DO NORTE CATARINENSE;81011686;b3S;;I;2;MAFRA;SC;09/2000;4.142;1.760;3.352;3.201;791;-1;0;3
CECM DOS MEDICOS E DEMAIS PROFISSIONAIS DA SAUDE DE JOACABA;2853045;b3S;;I;2;JOACABA;SC;09/2000;4.130;806;3.982;3.977;149;2;0;0
CCR SAO LOURENCO;81292278;b3S;;I;2;SAO LOURENCO D'OESTE;SC;09/2000;4.114;1.724;3.619;3.479;495;4;0;2
CECMF DAS EMPRESAS DE ENERGIA ELETRICA DO EST SP - COOPENERG;52301496;b3S;;I;2;BAURU;SP;09/2000;4.105;3.936;743;541;3.362;116;0;1
COMPACTA CORRETORA DE CAMBIO, TITULOS E VAL. MOBIL. LTDA.;40166985;n2;;I;2;RECIFE;PE;09/2000;4.105;0;834;0;3.272;518;2;0
CECMF FUNEPU E DA FMTM LTDA.;71336432;b3S;;I;2;UBERABA;MG;09/2000;4.089;1.837;2.114;1.938;1.975;71;0;0
CECM MEDICOS DEMAIS PROFISSIONAIS SAUDE PATOS DE MINAS LTDA;2582212;b3S;;I;2;PATOS DE MINAS;MG;09/2000;4.085;2.485;3.663;3.604;422;33;0;2
CCR DE RIO BRILHANTE LTDA;26408146;b3S;;I;2;RIO BRILHANTE;MS;09/2000;4.067;2.399;2.783;2.635;1.283;9;0;1
CCR PIUMHI LTDA;41805003;b3S;;I;2;PIUMHI;MG;09/2000;4.048;2.793;2.122;1.920;1.926;137;0;1
CCR TEIXEIRA DE FREITAS LTDA.;2447120;b3S;;I;2;TEIXEIRA DE FREITAS;BA;09/2000;4.042;2.574;2.950;2.683;1.091;118;0;0
CRCR VALE DO RIO GRANDE LTDA;25683475;b3S;;I;2;UBERABA;MG;09/2000;4.033;1.321;2.734;392;1.299;-57;0;0
CECMF DA NESTLE;62562012;b3S;;I;2;SAO PAULO;SP;09/2000;4.021;3.611;440;0;3.581;102;0;0
CCR MUZAMBINHO LTDA;20761177;b3S;;I;2;MUZAMBINHO;MG;09/2000;4.020;2.791;3.177;2.733;843;63;0;5
CCR CAMPOS GERAIS E CAMPO DO MEIO LTDA;71146450;b3S;;I;2;CAMPOS GERAIS;MG;09/2000;4.012;5.843;2.595;1.745;1.417;173;0;1
COOPERATIVA DE CRÉDITO DOS FORNECEDORES DE CANA DO CENTRO DO ESTADO DE SÃO PAULO;53776852;b3S;;I;2;ARARAQUARA;SP;09/2000;4.010;2.381;1.017;4;2.993;91;0;0
CCR DO PANTANAL LTDA;36946317;b3S;;I;2;POCONE;MT;09/2000;3.985;2.607;3.522;3.076;462;-17;0;1
CECMAM LENCOIS PAULISTA - ALCRED LENCOIS PAULISTA;1464605;b3S;;I;2;LENCOIS PAULISTA;SP;09/2000;3.974;859;3.719;3.689;255;11;0;0
CCR DO MEIO OESTE CATARINENSE;80959638;b3S;;I;2;XANXERE;SC;09/2000;3.972;2.028;3.428;3.306;544;13;0;0
CECM DA ALIANCA DOS MEDICOS DE AVARE - ALCRED AVARE;1478780;b3S;;I;2;AVARE;SP;09/2000;3.963;2.789;3.496;3.428;467;23;0;0
COTACAO DISTRIBUIDORA DE TITULOS E VALORES MOBILIARIOS S.A;17354911;n2;;I;2;SAO PAULO;SP;09/2000;3.956;0;1.338;0;2.618;211;1;0
CCR PRODUTORES DE CANA DA REGIAO DE GUARANESIA LTDA;24048910;b3S;;I;2;GUARANESIA;MG;09/2000;3.914;2.289;2.172;1.886;1.742;82;0;0
CCR CAMPOS NOVOS;78862083;b3S;;I;2;CAMPOS NOVOS;SC;09/2000;3.908;1.266;2.759;2.589;1.149;19;0;2
CCR SAO JOSE DO RIO CLARO LTDA;37490935;b3S;;I;2;SAO JOSE DO RIO CLARO;MT;09/2000;3.904;2.780;2.766;2.666;1.138;107;0;1
INTEGRAL S/A CORRETORA DE TITULOS E VALORES MOBILIARIOS;92922525;n2;;I;2;RIO DE JANEIRO;RJ;09/2000;3.890;0;154;0;3.736;-68;1;0
CECME DO GRUPO CVRD E ENTIDADES VINCULADAS LTDA.;33924028;b3S;;I;2;RIO DE JANEIRO;RJ;09/2000;3.863;1.931;2.107;1.882;1.756;99;0;0
CECM COMERCIANTES CONFECCOES VESTUARIO CATAGUASES LTDA.;2335109;b3S;;I;2;CATAGUASES;MG;09/2000;3.859;2.892;3.187;2.682;672;41;0;1
CC DOS FORNECEDORES DE CANA DE BARRA BONITA;44746352;b3S;;I;2;BARRA BONITA;SP;09/2000;3.827;1.526;695;261;3.132;90;0;0
CECM MEDICOS E PROF NIVEL SUPERIOR SAUDE CAMPINA GRANDE LTDA;1151186;b3S;;I;2;CAMPINA GRANDE;PB;09/2000;3.820;1.597;2.682;2.564;1.139;77;0;1
CCR DE CAMPO VERDE LTDA;74040056;b3S;;I;2;CAMPO VERDE;MT;09/2000;3.811;1.420;2.502;2.394;1.309;-16;0;2
MODAL - DISTRIBUIDORA DE TITULOS E VALORES MOBILIARIOS LTDA.;1302766;n2;;I;2;RIO DE JANEIRO;RJ;09/2000;3.779;0;331;0;3.449;91;1;0
COOPERATIVA DE CRÉDITO RURAL ITAPAGIPE LTDA;71506513;b3S;;I;2;ITAPAGIPE;MG;09/2000;3.777;2.401;3.033;2.541;744;58;0;0
CECMM E DEMAIS PROF SAUDE HUMANA LORENA, GUARATINGUETA E REG;2197569;b3S;;I;2;LORENA;SP;09/2000;3.766;2.382;2.826;2.780;940;79;0;1
CCR CRAVIL;80959612;b3S;;I;2;RIO DO SUL;SC;09/2000;3.763;1.238;3.365;3.273;399;11;0;1
DISTRIBUIDORA BTM DE TITULOS E VALORES MOBILIARIOS S.A.;62098504;n2;;I;3;SAO PAULO;SP;09/2000;3.757;0;129;0;3.629;94;1;0
COOPERATIVA DE CRÉDITO RURAL DE LAGOA DA PRATA LTDA;26178111;b3S;;I;2;LAGOA DA PRATA;MG;09/2000;3.743;2.326;2.416;2.019;1.327;119;0;2
CECM MEDICOS DEMAIS PROFISSIONAIS SAUDE UBA LTDA.;1602677;b3S;;I;2;UBA;MG;09/2000;3.733;1.772;2.820;2.743;913;26;0;1
APEMAT CREDITO IMOBILIARIO S.A.;1507409;n1;;I;2;CAMPO GRANDE;MS;09/2000;3.708;1.303;654;0;3.054;1.342;1;0
CORVAL - CORRETORA DE VALORES MOBILIARIOS S/A;17312786;n2;;I;2;BELO HORIZONTE;MG;09/2000;3.681;0;1.333;0;2.347;49;1;0
CECME DA COOP - COOPERATIVA DE CONSUMO;47074323;b3S;;I;2;SANTO ANDRE;SP;09/2000;3.675;3.407;534;32;3.141;123;0;0
CCR IRAI DE MINAS LTDA;71207740;b3S;;I;2;IRAI DE MINAS;MG;09/2000;3.673;2.481;2.859;2.468;814;67;0;0
CECMAM DE JABOTICABAL - ALCRED DE JABOTICABAL;2159014;b3S;;I;2;JABOTICABAL;SP;09/2000;3.668;3.165;3.307;3.243;361;94;0;0
SERVECRED - CORRETORA DE CAMBIO E VALORES MOBILIARIOS LTDA;8026957;n2;;I;2;FORTALEZA;CE;09/2000;3.653;0;159;0;3.495;-68;1;0
CECM METALURGICOS MUNICIPIO DE TIMOTEO LTDA.;19875244;b3S;;I;2;TIMOTEO;MG;09/2000;3.653;2.289;1.127;906;2.526;147;0;0
CECM COMERCIANTES PATOS DE MINAS LTDA.;71297899;b3S;;I;2;PATOS DE MINAS;MG;09/2000;3.640;2.582;2.401;2.070;1.239;70;0;1
CCR DE CAFELANDIA;81192106;b3S;;I;2;CAFELANDIA;PR;09/2000;3.634;1.166;2.956;2.657;678;33;0;7
CCR MANHUACU LTDA;41697103;b3S;;I;2;MANHUACU;MG;09/2000;3.577;2.068;2.445;1.973;1.133;60;0;6
CECM COMERCIANTES CONFECCOES ITAUNA LTDA.;1675116;b3S;;I;2;ITAUNA;MG;09/2000;3.572;3.364;2.855;2.725;717;122;0;0
CCR DOS PRODUTORES DA ZONA DE SAO MANUEL;174915;b3S;;I;2;SAO MANUEL;SP;09/2000;3.565;3.113;2.217;2.049;1.348;89;0;0
CCR DOS PLANTADORES DE CANA DA REGIAO DE CAPIVARI;49389307;b3S;;I;2;CAPIVARI;SP;09/2000;3.562;4.932;3.759;3.589;-197;-12;0;1
COOPERATIVA DE ECONOMIA E CRÉDITO MÚTUO DOS EMPREGADOS DA KRAFT FOODS E PHILIP MORRIS BRASIL;62795257;b3S;;I;2;SAO PAULO;SP;09/2000;3.561;2.319;232;0;3.330;98;0;0
EQUIPE S.A. CORRETORA DE VALORES;33739715;n2;;I;2;RIO DE JANEIRO;RJ;09/2000;3.555;0;1.402;0;2.153;-120;1;0
CCR CAMPO BELO LTDA;71237184;b3S;;I;2;CAMPO BELO;MG;09/2000;3.548;3.041;2.686;1.890;862;93;0;3
CECMS DO INSTITUTO DE RESSEGUROS DO BRASIL LTDA;42153585;b3S;;I;2;RIO DE JANEIRO;RJ;09/2000;3.544;1.257;241;0;3.303;50;0;0
CREDIBRASILIA-CCR DE BRASILIA LTDA.;1187961;b3S;;I;2;BRASILIA;DF;09/2000;3.507;2.553;2.843;2.095;664;36;0;2
CECM METALURGICOS CLAUDIO LTDA.;2232383;b3S;;I;2;CLAUDIO;MG;09/2000;3.488;2.367;2.825;2.698;663;97;0;0
OUROMINAS DISTRIBUIDORA DE TÍTULOS E VALORES MOBILIÁRIOS LTDA;62187307;n2;;I;2;SAO PAULO;SP;09/2000;3.482;100;2.727;0;755;210;3;0
CECM DOS MEDICOS E DEMAIS PROFISS. DA SAUDE REGIAO DO IGUACU;1848322;b3S;;I;2;PATO BRANCO;PR;09/2000;3.482;1.148;3.113;3.061;368;5;0;2
CCR VALE DO MUCURI LTDA;25387655;b3S;;I;2;TEOFILO OTONI;MG;09/2000;3.455;1.608;1.920;1.624;1.535;71;0;1
CECME ESTABELEC. HOSPITALARES DO SUL DO ESTADO DO ES,SULCRED;31746993;b3S;;I;2;CACHOEIRO DE ITAPEMIRIM;ES;09/2000;3.447;2.683;2.618;2.184;828;-91;0;0
CCR DOS PRODUTORES AGRICOLAS E PECUARIOS DA MEDIA SOROCABANA;44373041;b3S;;I;2;ASSIS;SP;09/2000;3.429;1.666;1.480;1.446;1.948;17;0;0
CECME EMPRESAS VINCULADAS A EXPLORACAO EN.ELETRICA ESTADO MT;2348455;b3S;;I;2;CUIABA;MT;09/2000;3.340;598;3.526;3.332;-186;-180;0;22
CCR DE ALFREDO CHAVES - SICOOB ALFREDO CHAVES;32474884;b3S;;I;2;ALFREDO CHAVES;ES;09/2000;3.332;2.150;2.338;2.230;994;31;0;3
COOPERATIVA DE CREDITO RURAL DE RIO BONITO LTDA;86927324;b3S;;I;2;RIO BONITO;RJ;09/2000;3.328;2.862;3.109;2.971;220;-25;0;5
CECM MEDICOS DEMAIS PROFISSIONAIS SAUDE ARAXA LTDA.;1727929;b3S;;I;2;ARAXA;MG;09/2000;3.305;1.040;2.841;2.738;463;18;0;0
CCR MONTE CARMELO LTDA;71392047;b3S;;I;2;MONTE CARMELO;MG;09/2000;3.283;1.737;2.242;1.988;1.041;69;0;0
CCR SAO GONCALO DO SAPUCAI LTDA;1604998;b3S;;I;2;SAO GONCALO DO SAPUCAI;MG;09/2000;3.282;2.796;2.356;2.235;926;83;0;1
CCR RESPLENDOR LTDA;38485983;b3S;;I;2;RESPLENDOR;MG;09/2000;3.275;2.207;2.241;1.478;1.034;-17;0;2
CCR PARAOPEBA LTDA;22749014;b3S;;I;2;PARAOPEBA;MG;09/2000;3.261;1.618;2.681;2.379;580;26;0;1
CCR DE GUARAPUAVA;77984870;b3S;;I;2;GUARAPUAVA;PR;09/2000;3.252;1.761;2.183;1.817;1.068;35;0;4
CECM MEDICOS PROF SAUDE OESTE POTIGUAR LTDA UNICRED MOSSORO;70027388;b3S;;I;2;MOSSORO;RN;09/2000;3.252;2.514;2.153;2.027;1.098;37;0;2
CECM MEDICOS E DEMAIS PROFISSIONAIS DA SAUDE DE PELOTAS;1807464;b3S;;I;2;PELOTAS;RS;09/2000;3.234;2.061;2.511;2.482;723;104;0;0
PREVIBANK CORRETORA DE CAMBIO E VALORES MOBILIARIOS LTDA.;6917793;n2;;I;2;FORTALEZA;CE;09/2000;3.233;0;1.238;0;1.995;101;2;0
PORTOPAR DISTRIBUIDORA DE TITULOS E VALORES MOBILIARIOS LTDA;40303299;n2;;I;2;SAO PAULO;SP;09/2000;3.212;0;869;0;2.343;389;1;0
CCR ILICINEA LTDA;670076;b3S;;I;2;ILICINEA;MG;09/2000;3.194;2.994;1.957;1.191;1.237;80;0;0
CECME INSTITUICOES ENS.SUP.REG.METR.BH LTDA.;1760242;b3S;;I;2;BELO HORIZONTE;MG;09/2000;3.183;2.271;2.570;2.504;613;34;0;0
CECM DOS MEDICOS DO VALE ANTAS LTDA;94243839;b3S;;I;2;CASCA;RS;09/2000;3.181;1.413;2.487;2.468;695;92;0;0
COOPERATIVA DE ECONOMIA E CRÉDITO MÚTUO DOS MÉDICOS E DEMAIS PROFISSIONAIS DA SAÚDE DE PINDAMONHANGABA - UNICRED DE PINDAMONHANGABA;969423;b3S;;I;2;PINDAMONHANGABA;SP;09/2000;3.181;1.865;2.562;2.498;619;23;0;1
CCR CONSELHEIRO PENA LTDA;38588174;b3S;;I;2;CONSELHEIRO PENA;MG;09/2000;3.159;2.056;1.926;1.793;1.233;95;0;2
CCR SAO JOAO NEPOMUCENO LTDA;25677477;b3S;;I;2;SAO JOAO NEPOMUCENO;MG;09/2000;3.145;1.455;1.757;1.372;1.388;31;0;7
CCR PEDRO LEOPOLDO LTDA;71441406;b3S;;I;2;PEDRO LEOPOLDO;MG;09/2000;3.140;1.637;2.434;2.200;707;26;0;2
CCR CAMPOS GERAIS;81466286;b3S;;I;2;PONTA GROSSA;PR;09/2000;3.132;1.238;2.388;1.878;744;15;0;2
GERACAO CORRETORA DE VALORES LTDA;111777;n2;;I;2;PORTO ALEGRE;RS;09/2000;3.104;0;1.874;0;1.231;52;2;0
COOPERATIVA DE CREDITO RURAL DE PIMENTA BUENO LTDA;2015588;b3S;;I;2;PIMENTA BUENO;RO;09/2000;3.090;1.729;2.570;2.349;521;-81;0;5
PILLA - CORRETORA DE VALORES MOBILIARIOS E CAMBIO LTDA;92875780;n2;;I;2;PORTO ALEGRE;RS;09/2000;3.075;0;793;0;2.282;18;1;0
CCR DO CENTRO OESTE DO PARANA DE RESPONSABILIDADE LTDA;1330387;b3S;;I;2;NOVA LARANJEIRAS;PR;09/2000;3.075;2.936;2.958;2.891;117;-28;0;3
CECM DOS MEDICOS E DEMAIS PROF DA SAUDE DA REG.DA PRODUCAO;1151839;b3S;;I;2;CARAZINHO;RS;09/2000;3.068;1.620;2.541;2.525;527;78;0;0
CECM DOS MEDICOS DE PETROPOLIS LTDA;72052004;b3S;;I;2;PETROPOLIS;RJ;09/2000;3.049;1.528;2.553;2.414;496;39;0;2
OMAR CAMARGO CORRETORA DE CAMBIO E VALORES LTDA;76616978;n2;;I;2;CURITIBA;PR;09/2000;3.037;0;805;0;2.232;-19;1;0
COOPERATIVA DE ECONOMIA E CRÉDITO MÚTUO DOS MÉDICOS E DEMAIS PROFISSIONAIS DE NÍVEL SUPERIOR DA ÁREA DE SAÚDE  DE GUARULHOS - UNICRED DE GUARULHOS;2250794;b3S;;I;2;GUARULHOS;SP;09/2000;3.032;940;2.719;2.643;313;17;0;0
CCR DE LARANJEIRAS DO SUL;81115149;b3S;;I;2;LARANJEIRAS DO SUL;PR;09/2000;3.028;1.382;2.270;1.739;758;27;0;5
CECMF DO GRUPO BSH CONTINENTAL;56882988;b3S;;I;2;SAO PAULO;SP;09/2000;3.026;1.286;52;0;2.974;124;0;0
BANVAL-CORRETORA DE CAMBIO,TIT. E VALORES MOBILIARIOS LTDA.;72741531;n2;;I;2;SANTOS;SP;09/2000;3.024;0;2.291;0;733;-50;2;0
CECMAM DA REGIAO BRAGANTINA - ALCRED DE BRAGANCA PAULISTA;2140636;b3S;;I;2;BRAGANCA PAULISTA;SP;09/2000;3.023;2.342;2.638;2.551;385;82;0;0
CCMS DEPTOS.POLICIA FEDERAL E P.RODOVIARIA FED.EST.MT E MS L;37497245;b3S;;I;2;CUIABA;MT;09/2000;3.004;2.427;1.483;1.290;1.521;110;0;1
CARAVELLO S.A-DISTRIBUIDORA DE TITULOS E VALORES MOBILIARIOS;33767039;n2;;I;2;RIO DE JANEIRO;RJ;09/2000;3.000;0;1.554;0;1.446;-114;1;0
CCR MONTE ALEGRE DE MINAS LTDA;25404567;b3S;;I;2;MONTE ALEGRE DE MINAS;MG;09/2000;2.999;2.100;2.396;2.047;603;-161;0;2
CECM COMERCIANTES DE CONFECCOES REGIAO METROPOLITANA MARINGA;3459850;b3S;;I;2;MARINGA;PR;09/2000;2.985;1.842;2.775;2.557;211;37;0;1
CCR IGUATAMA LTDA;26359745;b3S;;I;2;IGUATAMA;MG;09/2000;2.950;1.961;1.784;1.524;1.166;71;0;0
CECM COMERC. CONFECCOES VEST. CONTAGEM REGIAO METR0. BH LTDA;1801440;b3S;;I;2;CONTAGEM;MG;09/2000;2.942;2.337;2.529;2.274;413;-34;0;1
CECM DOS SERVIDORES PUBLICOS MUNICIPAIS DE JOINVILLE;2780020;b3S;;I;2;JOINVILLE;SC;09/2000;2.911;746;2.765;2.703;146;7;0;1
CECME DA VOLKSWAGEN DO BRASIL;67645887;b3S;;I;2;SAO BERNARDO DO CAMPO;SP;09/2000;2.901;2.130;426;239;2.475;23;0;1
CCR LEOPOLDINA DE RESPONSABILIDADE LTDA;25405275;b3S;;I;2;LEOPOLDINA;MG;09/2000;2.892;1.931;2.115;1.909;778;-28;0;3
COOPERATIVA DE ECONOMIA E CRÉDITO MÚTUO DOS FUNCIONÁRIOS DAS EMPRESAS CISPER;43182278;b3S;;I;2;SAO PAULO;SP;09/2000;2.884;2.472;39;0;2.844;131;0;0
CCMS DA ETFMT E EAFC LTDA;37433448;b3S;;I;2;CUIABA;MT;09/2000;2.877;1.952;1.782;1.415;1.095;44;0;1
CECM DOS JUIZES DO RIO GRANDE DO SUL;3750034;b3S;;I;2;PORTO ALEGRE;RS;09/2000;2.842;938;2.612;2.581;230;4;0;1
COOPERATIVA DE CRÉDITO RURAL CAMPOS DA MANTIQUEIRA LTDA;21661202;b3S;;I;2;ENTRE RIOS DE MINAS;MG;09/2000;2.823;1.415;2.410;2.204;413;3;0;5
CCR DE MARACAJU LTDA;26408187;b3S;;I;2;MARACAJU;MS;09/2000;2.813;1.098;2.335;2.303;477;49;0;1
CCR ESMERALDAS LTDA;68512748;b3S;;I;2;ESMERALDAS;MG;09/2000;2.811;1.669;1.773;1.589;1.038;52;0;1
CCR FRUTAL LTDA;71419600;b3S;;I;2;FRUTAL;MG;09/2000;2.811;1.686;1.923;1.387;888;19;0;2
SPRIND DISTRIBUIDORA DE TITULOS E VALORES MOBILIARIOS LTDA;46083267;n2;;I;2;RIO DE JANEIRO;RJ;09/2000;2.811;0;121;0;2.690;403;1;0
COOPERATIVA DE CREDITO RURAL DE ARACI LTDA.;2025743;b3S;;I;2;ARACI;BA;09/2000;2.810;1.841;2.301;2.101;510;59;0;1
UNICRED-MACAE/RJ - CECM MEDICOS DE MACAE LTDA;39231527;b3S;;I;2;MACAE;RJ;09/2000;2.809;1.079;2.082;2.023;728;7;0;0
AMARIL FRANKLIN CORRETORA DE TITULOS E VALORES LTDA;17312661;n2;;I;2;BELO HORIZONTE;MG;09/2000;2.798;0;1.039;0;1.759;130;1;0
CCC DO ESTADO DO PARA LTDA. - CECRESPA;83355818;b3C;;I;2;BELEM;PA;09/2000;2.758;898;1.361;1.241;1.396;14;0;0
CCR VALE DO RIO DO PEIXE SICOOB/SC JOACABA;78865995;b3S;;I;2;JOACABA;SC;09/2000;2.755;781;2.320;2.180;435;-38;0;3
OLIVEIRA FRANCO SOCIEDADE CORRETORA DE VAL E CAMBIO LTDA;76633486;n2;;I;2;CURITIBA;PR;09/2000;2.751;0;1.415;1.303;1.336;-38;1;0
CECMS ASS. LEGISLATIVA DO ESTADO DO PARA LTDA COOESA;83836114;b3S;;I;2;BELEM;PA;09/2000;2.729;1.830;1.129;1.038;1.600;34;0;0
CCR DE PRODUTORES DE CANA DO VALE DO IVAI;81706616;b3S;;I;2;JANDAIA DO SUL;PR;09/2000;2.726;1.346;1.770;934;956;54;0;2
CCR CARMO DO CAJURU LTDA;65239402;b3S;;I;2;CARMO DO CAJURU;MG;09/2000;2.726;1.158;2.406;2.150;320;40;0;1
CECMC CIA VALE DO RIO DOCE LTDA.;20961629;b3S;;I;2;ITABIRA;MG;09/2000;2.724;903;324;52;2.400;24;0;1
CECM PROFISSIONAIS SAUDE VICOSA REGIAO LTDA;86389236;b3S;;I;2;VICOSA;MG;09/2000;2.701;1.541;1.858;1.794;844;34;0;1
CECM DOS MEDICOS DE SANTA MARIA LTDA;2641032;b3S;;I;2;SANTA MARIA;RS;09/2000;2.689;1.235;2.472;2.432;218;18;0;0
SPIRIT CORRETORA DE VALORES LTDA;355236;n2;;I;2;CURITIBA;PR;09/2000;2.686;0;1.162;0;1.525;-139;1;0
CCR ALTO RIO GRANDE LTDA;25626490;b3S;;I;2;LAVRAS;MG;09/2000;2.679;1.694;1.343;971;1.335;70;0;0
CECME DAS EMPRES.PREST.SERV.AGUA,ESGOTOS,SANEAM.EST.RJ LTDA;36246098;b3S;;I;2;RIO DE JANEIRO;RJ;09/2000;2.678;1.204;331;164;2.347;144;0;3
NOMINAL DISTRIBUIDORA DE TITULOS E VALORES MOBILIARIOS LTDA;76637263;n2;;I;2;RIO DE JANEIRO;RJ;09/2000;2.669;0;505;306;2.165;83;1;0
CCR DO VALE DO RIO GOIOERE;81740060;b3S;;I;2;GOIOERE;PR;09/2000;2.667;1.540;2.125;2.082;542;-35;0;4
CCR DA GRANDE CACERES;3500740;b3S;;I;2;CACERES;MT;09/2000;2.662;1.593;2.363;2.306;300;28;0;4
CCR UBIRATA;84942333;b3S;;I;2;UBIRATA;PR;09/2000;2.661;1.116;2.070;1.886;590;5;0;4
VIC-DISTRIBUIDORA DE TITULOS E VALORES MOBILIARIOS S/A;14388516;n2;;I;2;RIO DE JANEIRO;RJ;09/2000;2.659;0;719;0;1.939;195;1;0
CECM COMERCIANTES CONFECCOES UBA LTDA.;2759121;b3S;;I;2;UBA;MG;09/2000;2.656;2.272;2.402;2.328;254;32;0;0
CCR HORIZONTES NOVOS DE NOVO SARANDI LTDA;1869822;b3S;;I;2;SARANDI;RS;09/2000;2.639;1.669;1.955;1.029;684;16;0;8
CCR CAPELINHA LTDA;71243034;b3S;;I;2;CAPELINHA;MG;09/2000;2.632;1.687;1.680;1.200;952;53;0;1
CECM DOS MEDICOS DO VALE DO CAI LTDA;1077901;b3S;;I;2;MONTENEGRO;RS;09/2000;2.607;2.353;2.275;2.243;332;40;0;0
COOPERATIVA DE CRÉDITO RURAL DA REGIÃO CENTRO DO ESTADO DE SÃO PAULO;2283302;b3S;;I;2;DOURADO;SP;09/2000;2.600;2.669;2.631;2.554;-31;-301;0;2
CCR VALE DO RIO VERDE LTDA;25526914;b3S;;I;2;ELOI MENDES;MG;09/2000;2.587;1.620;2.078;1.806;509;13;0;3
CCR ITAUNA LTDA;64237530;b3S;;I;2;ITAUNA;MG;09/2000;2.577;1.518;1.724;1.525;853;37;0;3
CCR ANAPOLIS LTDA;33615055;b3S;;I;2;ANAPOLIS;GO;09/2000;2.566;1.311;1.534;1.297;1.032;49;0;0
CCR DE CACADOR;86791837;b3S;;I;2;CACADOR;SC;09/2000;2.565;687;2.232;2.180;333;1;0;0
CECMF TETRA PAK;67341487;b3S;;I;2;MONTE MOR;SP;09/2000;2.562;1.833;2;0;2.559;104;0;0
PERNAMBUCANAS DISTRIBUIDORA DE TÍTULOS E VALORES MOBILIÁRIOS LTDA;33957838;n2;;I;2;SAO PAULO;SP;09/2000;2.561;0;55;0;2.506;34;1;0
CECMF USINA DA BARRA ACUCAR E ALCOOL - BARRACRED;1439107;b3S;;I;2;BARRA BONITA;SP;09/2000;2.559;1.102;248;0;2.310;123;0;0
COOPERATIVA DE CRÉDITO RURAL DE CAMPINA VERDE LTDA;1609345;b3S;;I;2;CAMPINA VERDE;MG;09/2000;2.554;1.730;1.939;1.777;614;67;0;0
CORRETORA AMAZONENSE DE CAMBIO E VALORES MOBILIARIOS LTDA;4623781;n2;;I;2;MANAUS;AM;09/2000;2.546;0;76;0;2.470;121;1;0
DIBRAN DISTRIBUIDORA DE TITULOS E VALORES MOBILIARIOS LTDA;62280490;n2;;I;2;SAO PAULO;SP;09/2000;2.525;0;315;0;2.209;86;1;0
PROMEGA S.A. CORRETORA DE VALORES;3500902;n2;;I;2;RIO DE JANEIRO;RJ;09/2000;2.506;0;345;0;2.161;-61;0;0
CCR MORADA NOVA DE MINAS LTDA;912488;b3S;;I;2;MORADA NOVA DE MINAS;MG;09/2000;2.498;1.793;2.023;1.571;475;15;0;1
CECME DA CIA VIDRARIA SANTA MARINA;61039038;b3S;;I;2;SAO PAULO;SP;09/2000;2.490;1.069;571;233;1.919;62;0;0
CECM DOS MEDICOS DE SALVADOR LTDA. - UNICRED DE SALVADOR;2245493;b3S;;I;2;SALVADOR;BA;09/2000;2.485;1.346;1.209;913;1.275;187;0;0
CCMS DE ORGAOS GESTORES DE RECURSOS HIDRICOS DO EST DE SP;53800488;b3S;;I;2;SAO PAULO;SP;09/2000;2.483;2.504;1.504;1.350;980;48;0;0
COOPERATIVA DE CRÉDITO RURAL DE SÃO GONÇALO DO PARÁ LTDA - CREDISÃOGONÇALO;41683228;b3S;;I;2;SAO GONCALO DO PARA;MG;09/2000;2.483;1.379;1.710;1.589;773;-46;0;0
CECME NO GRUPO HOSPITALAR CONCEICAO LTDA;90451642;b3S;;I;2;PORTO ALEGRE;RS;09/2000;2.475;2.466;1.416;1.363;1.058;13;0;0
COOPERATIVA DE CRÉDITO RURAL DE JI-PARANÁ LTDA;2309070;b3S;;I;2;JI-PARANA;RO;09/2000;2.462;2.101;1.368;1.271;1.094;199;0;0
LINEAR - DISTRIBUIDORA DE TITULOS E VALORES MOBILIARIOS S/A;33166224;n2;;I;2;SAO PAULO;SP;09/2000;2.444;0;1.285;0;1.160;223;2;0
COOPERATIVA DE ECONOMIA E CRÉDITO MÚTUO DOS PETROLEIROS NO ESTADO DE MINAS GERAIS LTDA. - COPETRO;26758433;b3S;;I;2;BELO HORIZONTE;MG;09/2000;2.441;2.290;188;0;2.253;5;0;0
CREFISA S/A - DISTRIBUIDORA DE TITULOS E VALORES MOBILIARIOS;49702087;n2;;I;2;SAO PAULO;SP;09/2000;2.441;0;4;0;2.437;50;1;0
CCR DE PONTA PORA LTDA;26408096;b3S;;I;2;PONTA PORA;MS;09/2000;2.436;2.312;1.992;1.897;444;6;0;1
CCR VALE DO ARAGUAIA LTDA;24830879;b3S;;I;2;MINEIROS;GO;09/2000;2.436;1.384;1.587;1.414;848;90;0;0
CECM DOS MEDICOS E DEMAIS PROF.DA SAUDE DO PLAN.NORTE LTDA.;1062214;b3S;;I;2;SAO BENTO DO SUL;SC;09/2000;2.430;844;2.256;2.228;175;3;0;3
CECM INTEGRANTES MINISTERIO PUBLICO ESTADO DE MINAS GERAIS;3519240;b3S;;I;2;BELO HORIZONTE;MG;09/2000;2.423;1.775;2.207;2.167;216;39;0;1
CCME DA MAXION - CREDMAXION;58290800;b3S;;I;2;CRUZEIRO;SP;09/2000;2.414;2.242;153;0;2.261;91;0;0
COOPERATIVA DE CRÉDITO RURAL DE GUARANI LTDA - GUARANICREDI;26014175;b3S;;I;2;GUARANI;MG;09/2000;2.394;1.629;1.853;1.797;542;41;0;2
CCR CAPITOLIO LTDA;804046;b3S;;I;2;CAPITOLIO;MG;09/2000;2.392;1.540;1.869;1.255;523;56;0;0
CCME DO BANRISUL LTDA;92935741;b3S;;I;2;PORTO ALEGRE;RS;09/2000;2.392;2.169;83;0;2.309;58;0;0
GERALDO CORREA - CORRETORA DE VALORES MOBILIARIOS S/A;20230272;n2;;I;2;BELO HORIZONTE;MG;09/2000;2.391;0;1.062;0;1.330;12;1;0
CECM MEDICOS DEMAIS PROF.NIVEL SUP.SAUDE LEOPOLDINA LTDA.;71467641;b3S;;I;2;LEOPOLDINA;MG;09/2000;2.390;1.042;1.955;1.832;435;-29;0;3
CECMS MUNICIPAIS DE SAO JOAO DA BOA VISTA - CREDIVISTA;74248949;b3S;;I;2;SAO JOAO DA BOA VISTA;SP;09/2000;2.379;1.392;1.849;1.733;530;48;0;0
PAX CORRETORA DE VALORES E CAMBIO LTDA;6979363;n2;;I;2;FORTALEZA;CE;09/2000;2.378;0;1.192;0;1.186;17;1;0
CECM COMERCIANTES CONFECCOES MONTES CLAROS LTDA.;2031139;b3S;;I;2;MONTES CLAROS;MG;09/2000;2.372;1.372;1.548;1.318;823;72;0;0
CCR DE PRUDENTOPOLIS;78907607;b3S;;I;2;PRUDENTOPOLIS;PR;09/2000;2.368;967;1.887;1.505;482;-20;0;3
CECMF DO SISTEMA FIESC;2405189;b3S;;I;2;FLORIANOPOLIS;SC;09/2000;2.363;154;2.122;2.102;240;12;0;1
CECME DA ALUMAR;7635360;b3S;;I;2;SAO LUIS;MA;09/2000;2.361;1.426;291;0;2.069;48;0;0
CCR SAO FRANCISCO DE SALES LTDA;1374196;b3S;;I;2;SAO FRANCISCO DE SALES;MG;09/2000;2.358;1.640;1.866;1.486;492;75;0;0
CCE DO GRUPO MANNESMANN;44401800;b3S;;I;2;GUARULHOS;SP;09/2000;2.357;1.589;238;0;2.119;94;0;0
CCR CENTRO NORTE DO PARANA;78717469;b3S;;I;2;APUCARANA;PR;09/2000;2.356;1.001;1.638;1.505;718;-70;0;2
CCR CARMO DO RIO CLARO LTDA;25743311;b3S;;I;2;CARMO DO RIO CLARO;MG;09/2000;2.355;1.686;1.553;1.357;802;30;0;0
CECME DAS EMPRESAS DE TELECOMUNICACOES DO ESTADO SAO PAULO;57598120;b3S;;I;2;SANTO ANDRE;SP;09/2000;2.349;2.100;272;0;2.077;63;0;0
CECMF DA BOMBRIL;57038408;b3S;;I;2;SAO BERNARDO DO CAMPO;SP;09/2000;2.332;2.078;550;0;1.782;72;0;0
CECM COMERCIANTES CONFECCOES LAGOA DA PRATA LTDA.;1739375;b3S;;I;2;LAGOA DA PRATA;MG;09/2000;2.331;1.972;1.886;1.807;444;44;0;0
CECM MEDICOS DEMAIS PROFISSIONAIS SAUDE OURO PRETO LTDA;747017;b3S;;I;2;OURO PRETO;MG;09/2000;2.326;1.109;1.881;1.788;445;-2;0;4
ATLAS DISTRIBUIDORA DE TITULOS E VALORES MOBILIARIOS LTDA;65462368;n2;;I;2;SAO PAULO;SP;09/2000;2.326;0;152;0;2.175;54;2;0
CECMM DE CACAPAVA - UNICRED DE CACAPAVA;96622048;b3S;;I;2;CACAPAVA;SP;09/2000;2.317;1.131;1.543;1.407;774;40;0;0
TOV CORRETORA DE CAMBIO LTDA;74451022;n2;;I;2;SAO CAETANO DO SUL;SP;09/2000;2.305;0;935;0;1.370;151;5;0
CECM COMERCIANTES CONFECCOES DE B.H. E REGIAO METROPOLITANA;3020122;b3S;;I;2;BELO HORIZONTE;MG;09/2000;2.297;1.858;1.898;1.641;399;145;0;0
CC DE BARBALHA LTDA;7052616;b3S;;I;2;BARBALHA;CE;09/2000;2.291;2.333;1.932;1.834;359;-135;0;0
CORRETORA BANFORT DE CAMBIO E VALORES S.A.;5452073;n2;;I;2;RIO DE JANEIRO;RJ;09/2000;2.285;0;192;0;2.093;-94;1;0
CECME DA CIA BRASILEIRA DE ALUMINIO;54335401;b3S;;I;2;ALUMINIO;SP;09/2000;2.283;1.560;71;0;2.213;83;0;0
ELTA S/A - DISTRIBUIDORA DE TITULOS E VALORES MOBILIARIOS;62533864;n2;;I;2;NITEROI;RJ;09/2000;2.276;0;299;0;1.976;-1;1;0
COOPERATIVA DE CRÉDITO RURAL DE JOÃO PINHEIRO LTDA;71154876;b3S;;I;2;JOAO PINHEIRO;MG;09/2000;2.263;1.460;1.015;788;1.248;64;0;1
CCR DOS PRODUTORES DE LEITE;74365354;b3S;;I;2;SOROCABA;SP;09/2000;2.259;1.936;1.873;1.820;386;52;0;0
CCR PATROCINIO LTDA;65229254;b3S;;I;2;PATROCINIO;MG;09/2000;2.257;1.690;1.444;969;813;97;0;2
CECMF DO LABORATORIO FLEURY;71965313;b3S;;I;2;SAO PAULO;SP;09/2000;2.253;1.126;29;0;2.224;61;0;0
CECME DA CONFAB;59305565;b3S;;I;2;SAO CAETANO DO SUL;SP;09/2000;2.242;1.902;339;0;1.904;76;0;0
CCE DO GRUPO COPERSUCAR/UNIAO - UNICOPER;977212;b3S;;I;2;SAO PAULO;SP;09/2000;2.233;1.593;131;0;2.102;80;0;0
CCR PLANTADORES DE CANA DA ZONA DA MATA LTDA;23806219;b3S;;I;2;PONTE NOVA;MG;09/2000;2.230;1.522;1.550;1.390;680;34;0;3
COOPERATIVA DE CREDITO RURAL FEIRA DE SANTANA LTDA.;2274863;b3S;;I;2;FEIRA DE SANTANA;BA;09/2000;2.222;1.759;2.177;2.097;46;-127;0;2
COOPCRED-CC FORN CANA E AGROPECUARIST DA REG OESTE PAULISTA;53623781;b3S;;I;2;VALPARAISO;SP;09/2000;2.220;2.199;345;305;1.875;-98;0;0
CREDICORP DISTRIBUIDORA DE TITULOS E VALORES MOBILIARIOS LTD;72182694;n2;;I;2;RIO DE JANEIRO;RJ;09/2000;2.211;0;241;234;1.970;72;0;0
CECMAM DA REGIAO DO GRANDES LAGOS - ALCRED DOS GRANDES LAGOS;3149086;b3S;;I;2;VOTUPORANGA;SP;09/2000;2.205;1.062;2.176;2.158;28;-20;0;1
PRINCIPAL CORRETORA DE VALORES MOBILIARIOS LTDA;73169997;n2;;I;2;SANTOS;SP;09/2000;2.203;0;23;0;2.180;3;2;0
COOPERATIVA DE CREDITO RURAL PINTADAS LTDA.;2057584;b3S;;I;2;PINTADAS;BA;09/2000;2.191;1.336;1.741;1.704;450;-4;0;2
CECMS DO SISTEMA FINDES - COOPERFINDES;27243955;b3S;;I;2;VITORIA;ES;09/2000;2.186;1.236;1.784;1.698;402;7;0;1
CECM BANCARIOS DE GOIANIA LTDA;97360804;b3S;;I;2;GOIANIA;GO;09/2000;2.183;1.263;1.220;1.096;963;2;0;0
CCR CAMPOS ALTOS LTDA;429890;b3S;;I;2;CAMPOS ALTOS;MG;09/2000;2.183;1.465;1.694;1.633;489;88;0;1
CECME DE CHOCOLATES GAROTO, LTDA;30949267;b3S;;I;2;VILA VELHA;ES;09/2000;2.164;1.107;1.728;1.600;436;19;0;0
COOPERATIVA DE ECONOMIA E CREDITO MUTUO DOS SERVIDORES DA EMPRESA BRASILEIRA DE CORREIOS E TELEGRAFOS LTDA;42100982;b3S;;I;2;RIO DE JANEIRO;RJ;09/2000;2.161;1.164;557;317;1.604;19;0;1
HEXAGON-CORRETORA DE CAMBIO,TITULOS E VALORES MOBILIARIOS LT;72153281;n2;;I;2;FORTALEZA;CE;09/2000;2.158;0;144;0;2.014;-42;1;0
CCR GUAPE LTDA;71009237;b3S;;I;2;GUAPE;MG;09/2000;2.139;1.787;1.327;541;812;103;0;0
CCR ARCOS LTDA;26072728;b3S;;I;2;ARCOS;MG;09/2000;2.139;1.350;1.679;1.441;460;13;0;0
CCR BOM SUCESSO LTDA;42887133;b3S;;I;2;BOM SUCESSO;MG;09/2000;2.129;1.502;1.317;1.078;812;41;0;0
CC DOS PLANTADORES DE CANA DA REGIAO DE LENCOIS PAULISTA;50848910;b3S;;I;2;LENCOIS PAULISTA;SP;09/2000;2.128;1.641;235;18;1.893;117;0;0
CECM MEDICOS E DEMAIS PROF SAUDE DA REGIAO DA FRONTEIRA;1705236;b3S;;I;2;SANTANA DO LIVRAMENTO;RS;09/2000;2.124;1.631;1.334;1.309;790;62;0;0
CECMAM DE ASSIS - ALCRED DE ASSIS;3112504;b3S;;I;2;ASSIS;SP;09/2000;2.114;1.305;1.909;1.882;205;28;0;0
CCR DE CACOAL LTDA;3612764;b3S;;I;2;CACOAL;RO;09/2000;2.112;1.760;1.613;1.509;499;73;0;0
CECM DOS MEDICOS DE CURITIBA, REGIAO METROPOLITANA E LITORAL;2347114;b3S;;I;2;CURITIBA;PR;09/2000;2.112;1.369;1.569;1.499;543;61;0;0
CECM DO SETOR ODONTOLOGICO-CREDIODONTO;2883398;b3S;;I;2;BLUMENAU;SC;09/2000;2.108;1.081;1.931;1.872;177;2;0;0
CECME DA GE-DAKO;44589760;b3S;;I;2;CAMPINAS;SP;09/2000;2.107;1.044;513;275;1.594;5;0;0
COOPERATIVA DE CREDITO RURAL BOM JESUS DA LAPA LTDA.;1499061;b3S;;I;2;BOM JESUS DA LAPA;BA;09/2000;2.100;1.442;1.272;1.166;828;96;0;3
CECM COMERCIANTES CONFECCAO PARACATU REGIAO NOROESTE DE M.G.;698609;b3S;;I;2;PARACATU;MG;09/2000;2.089;1.579;1.299;1.219;790;56;0;1
DADALTO DISTRIBUIDORA DE TITULOS E VALORES MOBILIARIOS LTDA;92775964;n2;;I;2;VITORIA;ES;09/2000;2.081;0;417;0;1.664;48;2;0
SUPRA CORRETORA DE VALORES MOBILIARIOS LTDA;8030140;n2;;I;2;FORTALEZA;CE;09/2000;2.067;0;310;0;1.756;19;2;0
CECMAM DE OURINHOS - ALCRED DE OURINHOS;2179673;b3S;;I;2;OURINHOS;SP;09/2000;2.063;831;1.858;1.835;205;1;0;0
CECMM E DEMAIS PROF NIV SUP SAUDE REG ARARAS- UNICRED ARARAS;2647564;b3S;;I;2;ARARAS;SP;09/2000;2.062;859;1.885;1.860;177;3;0;1
CECMP MIN. AGRIC. ABAST. REF. AGRARIA NO ESTADO DO PARA LTDA;83347294;b3S;;I;2;BELEM;PA;09/2000;2.049;1.876;908;890;1.141;23;0;0
CECME EMPRESAS GRUPO ZEMA LTDA.;71378426;b3S;;I;2;ARAXA;MG;09/2000;2.036;1.247;1.179;1.145;857;23;0;1
CECMT DA CIA. PROCESSAM. DADOS EST.S.P. LTDA-CREDIPRODESP;67915868;b3S;;I;2;TABOAO DA SERRA;SP;09/2000;2.031;950;830;0;1.201;104;0;0
CECME CEMIG LTDA.;17502881;b3S;;I;2;BELO HORIZONTE;MG;09/2000;2.025;2.597;2.585;1.833;-561;-4;0;0
CECM ENGENHEIROS BH REGIAO METROPOLITANA BH LTDA.;2606305;b3S;;I;2;BELO HORIZONTE;MG;09/2000;2.013;1.706;1.733;1.672;280;42;0;0
COOPERATIVA DE CRÉDITO RURAL DE SÃO VICENTE DE MINAS LTDA - CREDISAVI;86476199;b3S;;I;2;SAO VICENTE DE MINAS;MG;09/2000;2.012;1.929;1.413;1.242;600;55;0;1
CECMT UNIVERSIDADE FEDERAL DE MINAS GERAIS LTDA.;1918144;b3S;;I;2;BELO HORIZONTE;MG;09/2000;2.011;1.726;689;415;1.323;194;0;0
CECME GRUPO SPAL;43488782;b3S;;I;2;SAO PAULO;SP;09/2000;2.005;1.774;79;0;1.927;44;0;0
COOPERATIVA DE CRÉDITO RURAL DO SUL DE RONDÔNIA LTDA.;3632872;b3S;;I;2;VILHENA;RO;09/2000;1.975;1.278;1.262;1.037;714;71;0;0
CECMF DO GRUPO RECKITT & COLMAN BRASIL;44223196;b3S;;I;2;SAO PAULO;SP;09/2000;1.957;1.151;111;0;1.846;81;0;0
CECMF DA TICKET SERVICOS COMERCIO E ADMINISTRACAO LTDA;57440521;b3S;;I;2;SAO PAULO;SP;09/2000;1.953;1.252;358;0;1.595;84;0;0
GUITTA CORRETORA DE CAMBIO LTDA.;24074692;n2;;I;2;SAO PAULO;SP;09/2000;1.951;0;351;0;1.599;102;1;0
PREMIUM DISTRIBUIDORA DE TITULOS E VALORES MOBILIARIOS LTDA;33331786;n2;;I;2;RIO DE JANEIRO;RJ;09/2000;1.948;0;148;0;1.800;140;1;0
COOPERATIVA DE CRÉDITO RURAL DE RUBIATABA LTDA;73422792;b3S;;I;2;RUBIATABA;GO;09/2000;1.947;1.023;838;634;1.109;75;0;0
CECME DA CIMAF - COOPERCIMAF;62041603;b3S;;I;2;OSASCO;SP;09/2000;1.942;1.553;686;466;1.256;29;0;0
CCR TIROS LTDA;42880617;b3S;;I;2;TIROS;MG;09/2000;1.929;914;1.340;1.231;589;19;0;1
CECME DO GRUPO SVEDALA;49060635;b3S;;I;2;SOROCABA;SP;09/2000;1.925;1.519;489;356;1.436;8;0;1
CECM MEDICOS DEMAIS PROFISSIONAIS SAUDE TEOFILO OTONI LTDA.;1709266;b3S;;I;2;TEOFILO OTONI;MG;09/2000;1.921;1.453;1.384;1.317;537;200;0;0
CCR DE ITAPORA LTDA;26408112;b3S;;I;2;ITAPORA;MS;09/2000;1.920;1.001;1.667;1.599;253;-44;0;1
CCR DO SUL DE MINAS LTDA.;3590086;b3S;;I;2;CARMO DE MINAS;MG;09/2000;1.919;1.651;1.444;1.091;475;51;0;0
COOPERATIVA DE CRÉDITO RURAL DE DORES DO INDAIÁ LTDA;71069587;b3S;;I;2;DORES DO INDAIA;MG;09/2000;1.909;1.479;1.403;1.116;506;88;0;0
COOPERATIVA DE ECONOMIA E CRÉDITO MÚTUO  DOS COMERCIANTES DE CONFECÇÕES DE PARÁ DE MINAS LTDA.;1009908;b3S;;I;2;PARA DE MINAS;MG;09/2000;1.905;1.578;1.518;1.409;387;63;0;0
CECM DOS MEDICOS DE RIO BRANCO LTDA - UNICRED RIO BRANCO;1608685;b3S;;I;2;RIO BRANCO;AC;09/2000;1.904;1.273;1.353;1.231;551;19;0;0
CCR PAINS LTDA;64474059;b3S;;I;2;PAINS;MG;09/2000;1.898;1.583;1.286;1.151;612;-117;0;1
J. MALUCELLI - CORRETORA DE CAMBIO E VALORES LTDA;76621457;n2;;I;2;CURITIBA;PR;09/2000;1.898;0;269;0;1.629;540;1;0
PLANNER-SANVEST TRUSTEE DIST TITULOS VALORES MOBILS LTDA;67030395;n2;;I;2;SAO PAULO;SP;09/2000;1.896;0;534;0;1.362;61;1;0
COOPERATIVA DE ECONOMIA E CRÉDITO MÚTUO DOS FUNCIONÁRIOS DO GRUPO PAES MENDONÇA LTDA - COPAME;14437875;b3S;;I;2;SALVADOR;BA;09/2000;1.890;636;777;37;1.113;193;0;0
CECM MEDICOS E DEMAIS PROF SAUDE NE BAHIA LTDA-UNICRED NE BA;2602922;b3S;;I;2;FEIRA DE SANTANA;BA;09/2000;1.888;1.032;1.768;1.723;120;4;0;0
CECM PROP.IND.ROCHAS ORN.CAL E CALC.SUL EST.ES.CREDIROCHAS;3358914;b3S;;I;2;CACHOEIRO DE ITAPEMIRIM;ES;09/2000;1.886;1.361;1.648;1.625;238;30;0;0
CECMF DE ALBARUS S.A. LTDA;91018408;b3S;;I;2;PORTO ALEGRE;RS;09/2000;1.875;1.504;92;0;1.784;12;0;0
CCR DO PLANALTO CATARINENSE;1389651;b3S;;I;2;PAPANDUVA;SC;09/2000;1.859;1.024;1.670;1.632;189;2;0;4
CCF DA ROLAMENTOS FAG - COOPERFAG;871091;b3S;;I;2;SAO PAULO;SP;09/2000;1.857;1.313;198;0;1.659;14;0;0
CCM DOS POLICIAIS FEDERAIS EM ALAGOAS - FEDERALCRED;2493000;b3S;;I;2;MACEIO;AL;09/2000;1.856;1.693;1.250;1.194;605;53;0;0
CCF DE TINTAS CORAL - COOPERCORAL;57996878;b3S;;I;2;MAUA;SP;09/2000;1.854;1.232;88;0;1.766;64;0;0
CECM COMERCIANTES ARCOS LTDA;71230338;b3S;;I;2;ARCOS;MG;09/2000;1.849;1.623;1.640;1.607;209;-7;0;0
ORBIVAL CORRETORA DE CAMBIO E VALORES MOBILIARIOS LTDA;87530;n2;;I;2;CAXIAS DO SUL;RS;09/2000;1.839;0;1.101;0;738;-29;2;0
COOPERATIVA DE CREDITO RURAL DE ARIQUEMES;3222753;b3S;;I;2;ARIQUEMES;RO;09/2000;1.837;1.284;1.150;1.115;687;115;0;0
CECMF DO ATACADAO;52046299;b3S;;I;2;SAO PAULO;SP;09/2000;1.835;1.072;180;0;1.656;80;0;0
COOPERATIVA DE ECONOMIA E CRÉDITO MÚTUO DOS SERVIDORES DO DISTRITO FEDERAL LTDA;778858;b3S;;I;2;BRASILIA;DF;09/2000;1.830;1.762;1.300;1.218;530;-43;0;0
COOPERATIVA DE ECONOMIA E CRÉDITO MÚTUO DOS FUNCIONÁRIOS DA CIA AÇUCAREIRA VALE DO ROSÁRIO - COOPERVALE;44958981;b3S;;I;2;MORRO AGUDO;SP;09/2000;1.829;1.580;58;0;1.771;72;0;0
CECM DOS COMERC. DE CONFECCOES DE VITORIA DA CONQUISTA LTDA.;2282165;b3S;;I;2;VITORIA DA CONQUISTA;BA;09/2000;1.829;1.362;1.182;1.076;646;100;0;0
CECM DOS INTEGRANTES DO MINISTERIO PUBLICO DO ESTADO MS LTDA;2320791;b3S;;I;2;CAMPO GRANDE;MS;09/2000;1.825;1.135;1.386;1.370;439;32;0;1
COOPERATIVA DE ECONOMIA E CRÉDITO MÚTUO DOS  COMERCIANTES DE CONFECÇÕES DE PIRAPORA LTDA.;1789942;b3S;;I;2;PIRAPORA;MG;09/2000;1.811;1.482;1.612;1.556;199;17;0;0
CECME DE ELEVADORES ATLAS SCHINDLER LTDA.;42107706;b3S;;I;2;RIO DE JANEIRO;RJ;09/2000;1.807;1.278;121;0;1.686;62;0;0
CCR MARTINHO CAMPOS LTDA;64480833;b3S;;I;2;MARTINHO CAMPOS;MG;09/2000;1.772;1.221;1.220;1.022;553;53;0;0
CCR CASSIA LTDA;22597264;b3S;;I;2;CASSIA;MG;09/2000;1.766;1.653;1.596;1.546;171;-33;0;1
BEM-DISTRIBUIDORA DE TITULOS E VALORES MOBILIARIOS LTDA;66670;n2;;I;1;SAO LUIS;MA;09/2000;1.763;0;18;0;1.745;32;1;0
CCR OLIVEIRA LTDA;26393181;b3S;;I;2;OLIVEIRA;MG;09/2000;1.757;1.475;1.572;1.418;185;-24;0;2
CCR DE CAMPO GRANDE E REGIAO;3042597;b3S;;I;2;CAMPO GRANDE;MS;09/2000;1.756;1.106;1.606;1.509;149;-14;0;3
CCR DE RIO PRETO LTDA;35787522;b3S;;I;2;VALENCA;RJ;09/2000;1.748;1.342;1.563;1.520;186;-27;0;4
COOPERATIVA DE ECONOMIA E CRÉDITO MÚTUO DOS FUNCIONÁRIOS E PRESTADORES DE SERVIÇOS DA COCRED - COPERCANA-CANAOESTE;64739121;b3S;;I;2;SERTAOZINHO;SP;09/2000;1.748;591;808;713;940;32;0;0
CECM  DOS CORRETORES DE SEGUROS DE PORTO ALEGRE;2999687;b3S;;I;2;PORTO ALEGRE;RS;09/2000;1.737;467;1.683;1.533;54;28;0;0
CC DE ITABUNA RESPONSABILIDADE LTDA;14343693;b3S;;I;2;ITABUNA;BA;09/2000;1.729;1.297;1.532;1.397;197;-7;0;0
COOPERATIVA DE ECONOMIA E CRÉDITO MÚTUO DOS FUNCIONÁRIOS DA MWM MOTORES DIESEL;59620708;b3S;;I;2;SAO PAULO;SP;09/2000;1.725;1.649;133;0;1.592;73;0;0
CCC DO NORDESTE - CENTRACOOP LTDA;70116611;b3C;;I;2;JOAO PESSOA;PB;09/2000;1.703;781;995;783;707;-7;0;0
CECMS UNIVERSIDADE FEDERAL DE UBERLANDIA LTDA.;65308447;b3S;;I;2;UBERLANDIA;MG;09/2000;1.700;1.672;211;0;1.489;92;0;0
ESCRITORIO RUY LAGE SOCIEDADE CORRETORA DE TITULOS LTDA;17305319;n2;;I;2;BELO HORIZONTE;MG;09/2000;1.695;0;765;21;929;25;1;0
CECMF DAS INDUSTRIAS ALIMENTICIAS DE TOLEDO LTDA;80403306;b3S;;I;2;TOLEDO;PR;09/2000;1.680;1.125;240;0;1.440;66;0;0
CECM MEDICOS E PROF SAUDE EXTREMO SUL BA UNICRED EXTR SUL BA;2904362;b3S;;I;2;EUNAPOLIS;BA;09/2000;1.679;1.120;1.525;1.391;153;9;0;1
CECMAM DA REGIAO DA BAIXA MOGIANA - ALCRED REG BAIXA MOGIANA;2202101;b3S;;I;2;MOGI-GUACU;SP;09/2000;1.673;1.464;1.558;1.530;115;1;0;0
COOPERATIVA DE ECONOMIA E CRÉDITO MÚTUO DOS COMERCIANTES DE CONFECÇÕES DO VESTUÁRIO DAS TERRAS ALTAS DA MANTIQUEIRA LTDA.;2753207;b3S;;I;2;PASSA QUATRO;MG;09/2000;1.672;1.357;1.448;1.389;224;16;0;3
CCR LUZ LTDA;25536764;b3S;;I;2;LUZ;MG;09/2000;1.671;840;973;830;698;45;0;1
CCE DO GRUPO SERRANA;49204605;b3S;;I;2;CAJATI;SP;09/2000;1.670;783;153;0;1.517;44;0;0
CECMF DE PRODUTOS ROCHE QUIMICOS E FARMACEUTICOS S.A., LTDA;42123000;b3S;;I;2;RIO DE JANEIRO;RJ;09/2000;1.667;1.221;43;0;1.624;82;0;0
CECME SAMARCO MINERACAO S.A.LTDA.;20622809;b3S;;I;2;BELO HORIZONTE;MG;09/2000;1.663;1.449;101;13;1.562;22;0;0
CECM PROFISSIONAIS SAUDE DE GOIANIA E REGIAO LTDA.;1601342;b3S;;I;2;GOIANIA;GO;09/2000;1.660;678;1.223;1.156;437;63;0;1
CECME DA ESCELSA LTDA;28151041;b3S;;I;2;VITORIA;ES;09/2000;1.650;1.062;1.127;990;524;-80;0;0
CCR GUARDA-MOR LTDA;70966171;b3S;;I;2;GUARDA-MOR;MG;09/2000;1.639;1.722;1.176;183;462;13;0;0
DOMINIO SA DISTRIBUIDORA DE TITULOS E VALORES MOBILIARIOS;60925989;n2;;I;2;SAO PAULO;SP;09/2000;1.636;0;295;0;1.340;127;1;0
CECMAM DE RIBEIRAO PRETO - ALCRED DE RIBEIRAO PRETO;3575699;b3S;;I;2;RIBEIRAO PRETO;SP;09/2000;1.633;1.170;1.538;1.520;94;-6;0;0
CECMM DE SAO JOSE DOS CAMPOS - UNICRED SAO JOSE DOS CAMPOS;1989729;b3S;;I;2;SAO JOSE DOS CAMPOS;SP;09/2000;1.632;817;1.246;1.173;386;28;0;0
CCR DE CAMPOS DE JULIO LTDA;391873;b3S;;I;2;CAMPOS DE JULIO;MT;09/2000;1.632;941;897;788;734;63;0;0
FITTA DISTRIBUIDORA DE TITULOS E VALORES MOBILIARIOS S.A.;3512293;n2;;I;2;RIO DE JANEIRO;RJ;09/2000;1.627;0;689;0;938;51;1;0
CECMF DO BOMPRECO BAHIA S.A. LTDA. - COOPERBOM;74026998;b3S;;I;2;SALVADOR;BA;09/2000;1.620;944;519;392;1.101;49;0;0
CECMF DA ACOS VILLARES S.A.-CREDIACOS;60219045;b3S;;I;2;PINDAMONHANGABA;SP;09/2000;1.609;1.086;33;0;1.576;58;0;0
CCR PIMENTA LTDA;42934794;b3S;;I;2;PIMENTA;MG;09/2000;1.606;937;873;707;733;50;0;0
CECM PROP. DE VEIC. P/ AFRETAMENTO C. ITAPEMIRIM - TRANSCRED;39274378;b3S;;I;2;CACHOEIRO DE ITAPEMIRIM;ES;09/2000;1.606;1.116;1.390;1.248;217;-46;0;0
JOHN DEERE DISTRIBUIDORA DE TITULOS E VALORES MOB. LTDA;87963450;n2;;I;2;PORTO ALEGRE;RS;09/2000;1.603;0;301;0;1.302;94;1;0
KARTA DISTRIBUIDORA DE TITULOS E VALORES MOBILIARIOS LTDA;83880435;n2;;I;2;RIO DE JANEIRO;RJ;09/2000;1.584;0;1.037;0;547;-90;2;0
CECM.COMERC.VEST.E CONF.C.ITAPEMIRIM - CREDSUL;2330334;b3S;;I;2;CACHOEIRO DE ITAPEMIRIM;ES;09/2000;1.583;1.080;1.534;1.467;50;-31;0;0
CCF DA AKZO NOBEL-TINTAS-COOPCOATINGS;1649872;b3S;;I;2;SAO PAULO;SP;09/2000;1.574;722;251;39;1.323;80;0;0
CCR SEARA - CREDISEARA;204963;b3S;;I;2;SEARA;SC;09/2000;1.571;418;1.393;1.361;178;2;0;2
CECMS DO SEMASA;512839;b3S;;I;2;SANTO ANDRE;SP;09/2000;1.566;1.330;141;0;1.425;65;0;0
CCR ILHEUS LTDA;16348005;b3S;;I;2;ILHEUS;BA;09/2000;1.563;1.240;1.525;1.420;38;-94;0;1
COOPERATIVA DE CREDITO RURAL ITAPETINGA RESPONSABILIDADE LTDA;14468151;b3S;;I;2;ITAPETINGA;BA;09/2000;1.563;1.066;1.523;1.388;40;-20;0;1
TECBENS S.A. DISTRIBUIDORA DE TITULOS E VALORES MOBILIARIOS;51477123;n2;;I;2;SAO PAULO;SP;09/2000;1.553;0;40;0;1.513;-91;1;0
CCR DOS PLANTADORES DE CANA DA REGIAO DE IGARAPAVA;52623311;b3S;;I;2;IGARAPAVA;SP;09/2000;1.548;998;50;12;1.498;10;0;0
AUREUM SOC. CORRETORA DE CAMBIO E VALORES MOBILIARIOS LTDA;76645704;n2;;I;2;CURITIBA;PR;09/2000;1.545;0;607;0;938;19;1;0
CECMF DA INDUSTRIA MINERADORA DE BRUMADO E MICRO REGIAO LTDA;2558287;b3S;;I;2;BRUMADO;BA;09/2000;1.540;1.234;1.098;1.078;443;23;0;0
CECM MINUANO LTDA;88325113;b3S;;I;2;CANOAS;RS;09/2000;1.535;1.028;137;0;1.398;84;0;0
COOPERATIVA DE CRÉDITO RURAL DE VAZANTE LTDA;803287;b3S;;I;2;VAZANTE;MG;09/2000;1.525;1.215;1.006;834;518;57;0;1
COOPERATIVA DE CREDITO RURAL DE INHAMBUPE LTDA.;1845359;b3S;;I;2;INHAMBUPE;BA;09/2000;1.522;603;1.141;992;382;44;0;2
CECM COMERCIANTES CONFECCOES GUAXUPE LTDA.;1699652;b3S;;I;2;GUAXUPE;MG;09/2000;1.522;1.004;1.091;986;431;-9;0;0
DISTRIBUIDORA DE TITULOS E VALORES MOBILIARIOS MADEL LTDA;92886100;n2;;I;2;PORTO ALEGRE;RS;09/2000;1.522;0;136;0;1.386;21;2;0
CQJR. DISTRIBUIDORA DE TITULOS E VALORES MOBILIARIOS LTDA;36079150;n2;;I;2;RIO DE JANEIRO;RJ;09/2000;1.520;0;910;20;609;16;1;0
CECMF DA OWENS-CORNING FIBERGLAS A.S.;48172860;b3S;;I;2;RIO CLARO;SP;09/2000;1.517;1.373;578;531;939;17;0;0
CECMF DO GRUPO PLAYCENTER;68314921;b3S;;I;2;SAO PAULO;SP;09/2000;1.512;1.393;164;0;1.348;20;0;0
COOPERATIVA DE CRÉDITO RURAL DE ITABIRA LTDA;22115877;b3S;;I;2;ITABIRA;MG;09/2000;1.511;947;857;804;654;21;0;0
CECM MEDICOS DO EXTREMO OESTE CATARINENSE-UNICRED FRONTEIRA;1255875;b3S;;I;2;SAO MIGUEL D'OESTE;SC;09/2000;1.510;461;1.339;1.325;171;1;0;0
CECME ACO MINAS GERAIS S.A.-ACOMINAS EMPR.SUB.OURO BRANCO;17314501;b3S;;I;2;OURO BRANCO;MG;09/2000;1.496;928;216;121;1.280;39;0;0
HOYA CORRETORA DE VALORES E CAMBIO LTDA;34974170;n2;;I;2;FORTALEZA;CE;09/2000;1.491;0;241;0;1.250;-13;2;0
BVL CORRETORA DE VALORES S/A;17311705;n2;;I;2;BELO HORIZONTE;MG;09/2000;1.484;0;432;0;1.051;-9;1;0
COMEX CORRETORA DE CAMBIO,TITULOS E VALORES MOBILIARIOS LTDA;24523649;n2;;I;2;NATAL;RN;09/2000;1.479;0;245;0;1.234;39;2;0
CECMF DA DANA ALBARUS SAO PAULO;50654300;b3S;;I;2;OSASCO;SP;09/2000;1.478;863;279;78;1.199;70;0;0
CECM MICROS E PEQ.COMERCIANTES CONFECC.VESTUARIO VALE ITAJAI;2781986;b3S;;I;2;BLUMENAU;SC;09/2000;1.473;691;1.443;1.409;30;0;0;0
CECME DA COELBA LTDA.;86784089;b3S;;I;2;SALVADOR;BA;09/2000;1.468;913;337;158;1.131;37;0;0
POSITIVA DISTRIBUIDORA DE TITULOS E VALORES MOBILIARIOS LTDA;40161713;n2;;I;2;RIO DE JANEIRO;RJ;09/2000;1.462;0;239;0;1.222;188;1;0
CECME DA USAGRO;68969625;b3S;;I;2;JABOTICABAL;SP;09/2000;1.456;825;216;0;1.240;49;0;0
COOPERATIVA DE ECONOMIA E CRÉDITO MÚTUO DOS FUNCIONÁRIOS DA ASTRAZENECA DO BRASIL;1288797;b3S;;I;2;COTIA;SP;09/2000;1.451;1.269;155;74;1.295;95;0;0
CCR DO VALE;86829827;b3S;;I;2;BRACO DO NORTE;SC;09/2000;1.448;1.113;1.291;1.245;157;2;0;0
COOPERATIVA DE ECONOMIA E CRÉDITO MÚTUO DOS SERVIDORES PÚBLICOS MUNICIPAIS DE IPATINGA LTDA.;17361536;b3S;;I;2;IPATINGA;MG;09/2000;1.445;1.194;168;112;1.277;62;0;0
CECME BELGO MINEIRA BEKAERT ARAMES S.A. LTDA.;23241540;b3S;;I;2;CONTAGEM;MG;09/2000;1.442;1.236;88;0;1.354;52;0;0
CECME DA ENERSUL;15549124;b3S;;I;2;CAMPO GRANDE;MS;09/2000;1.440;1.055;150;0;1.290;34;0;0
CONFEDERACAO NACIONAL CECM DE MEDICOS-UNICRED DO BRASIL;315557;b3C;;I;2;SAO PAULO;SP;09/2000;1.438;278;795;0;643;3;0;0
COOPERATIVA DE ECONOMIA E CRÉDITO MÚTUO DOS EMPREGADOS DA ALCANBRASIL;57545436;b3S;;I;2;SANTO ANDRE;SP;09/2000;1.436;1.330;156;0;1.280;54;0;0
CECME EM SANEAMENTO DO ESTADO DE MATO GROSSO - CREDISAN;288098;b3S;;I;2;CUIABA;MT;09/2000;1.431;640;892;740;539;16;0;0
CECMF GRUPO ALGAR LTDA.;1296040;b3S;;I;2;UBERLANDIA;MG;09/2000;1.429;850;335;278;1.093;69;0;0
DASCAM CORRETORA DE CAMBIO S.A.;65645137;n2;;I;2;SAO PAULO;SP;09/2000;1.428;0;771;386;656;74;1;0
CECM COMERCIANTES RAMO CONF. VESTUARIO REGIAO NORDESTE RGS;3581767;b3S;;I;2;CAXIAS DO SUL;RS;09/2000;1.421;306;1.364;1.337;57;-3;0;0
CREDIPM-CECMS PUB.MILITARES E CIVIS SEG.PUB.EST.RJ;2723075;b3S;;I;2;RIO DE JANEIRO;RJ;09/2000;1.420;1.094;1.360;1.285;60;-133;0;0
COOPERATIVA DE ECONOMIA E CRÉDITO MÚTUO DOS COMERCIANTES DE CONFECÇÕES DE BOM DESPACHO LTDA;1703620;b3S;;I;2;BOM DESPACHO;MG;09/2000;1.420;850;1.024;945;396;49;0;0
CECMC COOPEDER LTDA.;21130869;b3S;;I;2;BELO HORIZONTE;MG;09/2000;1.420;914;114;0;1.305;88;0;0
CCR CARMOPOLIS DE MINAS LTDA;71238232;b3S;;I;2;CARMOPOLIS DE MINAS;MG;09/2000;1.420;760;1.049;940;371;13;0;2
CECM COMERCIANTES CONFECCOES DO MEDIO PIRACICABA LTDA;1644264;b3S;;I;2;JOAO MONLEVADE;MG;09/2000;1.417;1.212;1.201;1.152;217;61;0;3
CECM DOS MEDICOS DO LITORAL SUL LTDA;1823689;b3S;;I;2;RIO GRANDE;RS;09/2000;1.413;799;852;806;561;12;0;0
CECM COMERCIANTES CONFECCOES ABAETE LTDA;1847467;b3S;;I;2;ABAETE;MG;09/2000;1.408;1.146;1.024;975;384;50;0;0
CECM COMERCIANTES CONFECCOES REGIAO SERRA GERAL MINAS LTDA.;2804469;b3S;;I;2;JANAUBA;MG;09/2000;1.407;1.088;1.097;1.004;311;51;0;0
COOPERATIVA DE CRÉDITO RURAL DE ALTEROSA LTDA - COOPEROSA;71437123;b3S;;I;2;ALTEROSA;MG;09/2000;1.402;724;773;543;629;22;0;0
OLIVEIRA TRUST DISTRIBUIDORA DE TITULOS E VALS. MOBLS. LTDA;36113876;n2;;I;2;RIO DE JANEIRO;RJ;09/2000;1.399;0;133;0;1.266;58;1;0
CECME DA COPLANA;62239819;b3S;;I;2;GUARIBA;SP;09/2000;1.395;623;645;586;750;25;0;0
LEVYCAM CORRETORA DE CAMBIO E VALORES LTDA;50579044;n2;;I;2;SANTOS;SP;09/2000;1.391;0;394;0;998;65;2;0
CECM DOS FUNCIONARIOS DA ORGANIZACAO SEARLE LTDA.;52640075;b3S;;I;2;SAO PAULO;SP;09/2000;1.388;953;26;0;1.361;19;0;0
CECMS FUNCIONARIOS SECRETARIA FAZENDA ESTADO DE GOIAS LTDA.;3565483;b3S;;I;2;GOIANIA;GO;09/2000;1.385;990;908;882;477;-1;0;0
CECM COMERCIANTES CONFECCOES SAO SEBASTIAO PARAISO LTDA;1657678;b3S;;I;2;SAO SEBASTIAO DO PARAISO;MG;09/2000;1.384;1.076;1.143;1.065;241;25;0;0
CCR VALE DO JEQUITINHONHA LTDA;1285935;b3S;;I;2;ALMENARA;MG;09/2000;1.384;979;1.154;848;230;6;0;3
CECMS CENTRO FED. EDUC.TECN. E SERV. ESC. AGROTECNICA CAST.;34634014;b3S;;I;2;BELEM;PA;09/2000;1.379;919;528;344;852;9;0;0
CCR VALE DO CHAPECOZINHO - SICOOB/SC - VALCREDI;2090126;b3S;;I;2;PASSOS MAIA;SC;09/2000;1.378;785;1.184;1.149;195;27;0;3
CECM  COMERCIANTES CONFECCOES JOAO PINHEIRO LTDA.;1072597;b3S;;I;2;JOAO PINHEIRO;MG;09/2000;1.374;929;1.100;1.052;274;17;0;6
COOPERATIVA DE CRÉDITO RURAL CAZOLA;315406;b3S;;I;2;LUCELIA;SP;09/2000;1.374;1.010;1.064;1.050;311;59;0;0
ORYX - CORRETORA DE VALORES MOBILIARIOS LTDA;2999677;n2;;I;2;SANTOS;SP;09/2000;1.373;0;214;0;1.160;35;2;0
CC DOS SERVIDORES DO SESI NO RIO GRANDE DO SUL LTDA;92675578;b3S;;I;2;PORTO ALEGRE;RS;09/2000;1.364;502;42;0;1.322;78;0;0
CCR CORREGO FUNDO LTDA;2426738;b3S;;I;2;CORREGO FUNDO;MG;09/2000;1.363;1.057;1.216;1.148;147;5;0;0
VERTICE DISTRIBUIDORA DE TITULOS E VALS. MOBILIARIOS LTDA;76642198;n2;;I;2;SAO PAULO;SP;09/2000;1.362;0;26;0;1.336;-73;1;0
CCRIS DE FRANCISCO BELTRAO - CRESOL FRANCISCO BELTRAO;2698001;b3S;;I;2;FRANCISCO BELTRAO;PR;09/2000;1.360;435;1.222;461;138;5;0;0
CCR VOLTA GRANDE LTDA;1152097;b3S;;I;2;VOLTA GRANDE;MG;09/2000;1.350;446;725;634;625;35;0;0
CECM DOS INTEGRANTES DO MINISTERIO PUBLICO DO RS;3662047;b3S;;I;2;PORTO ALEGRE;RS;09/2000;1.348;652;1.171;1.150;177;34;0;1
CECM MEDICOS OUTROS PROF.AREA SAUDE REGIAO SUDOESTE GOIAS;3047549;b3S;;I;2;RIO VERDE;GO;09/2000;1.345;375;1.223;1.209;122;-3;0;1
CCM DOS COMERCIANTES DE CONFECCOES DE FRANCISCO BELTRAO;2466552;b3S;;I;2;FRANCISCO BELTRAO;PR;09/2000;1.340;1.055;1.212;1.198;128;22;0;0
COOPERATIVA DE ECONOMIA E CRÉDITO MÚTUO DOS EMPREGADOS DA MINERACÃO RIO DO NORTE S/A, EM PORTO TROMBETAS LIMITADA -  CREDNORT;4998845;b3S;;I;2;ORIXIMINA;PA;09/2000;1.332;1.101;116;0;1.217;43;0;0
COOPERATIVA DE CREDITO RURAL DE GUACUI;32422628;b3S;;I;2;GUACUI;ES;09/2000;1.327;1.069;553;484;774;101;0;0
TATICA S.A. - DISTRIBUIDORA DE TITULOS E VALORES MOBILIARIOS;66616632;n2;;I;2;SAO PAULO;SP;09/2000;1.325;0;106;0;1.219;40;1;0
CECM DOS MEDICOS DE PONTA GROSSA E REGIAO DOS CAMPOS GERAIS;3234384;b3S;;I;2;PONTA GROSSA;PR;09/2000;1.321;460;1.337;1.323;-16;-14;0;1
CCC DO NORTE DO BRASIL;3502131;b3C;;I;2;OURO PRETO DO OESTE;RO;09/2000;1.320;30;1.125;1.122;196;2;0;0
CCR DE CHAPADAO DO SUL E REGIAO;3562230;b3S;;I;2;CHAPADAO DO SUL;MS;09/2000;1.320;580;1.184;1.113;136;30;0;0
STATUS CORRETORA DE CAMBIO E VALORES MOBILIARIOS LTDA;46778320;n2;;I;2;SANTOS;SP;09/2000;1.309;0;829;0;481;4;1;0
CCR VALE DO CANOAS.;707903;b3S;;I;2;ABDON BATISTA;SC;09/2000;1.309;681;1.075;1.027;234;-6;0;4
COOPERATIVA DE ECONOMIA E CRÉDITO MÚTUO DOS COMERCIANTES DE CONFECÇÕES DE SANTO ANTONIO DO MONTE LTDA;1670376;b3S;;I;2;SANTO ANTONIO DO MONTE;MG;09/2000;1.304;1.455;925;821;379;38;0;0
CECM COMERCIANTES DEPOSITO MATERIAIS CONSTR.CONTAGEM LTDA.;1663367;b3S;;I;2;CONTAGEM;MG;09/2000;1.298;999;1.182;1.145;116;5;0;1
CECMF DA MORLAN-CREDMORLAN;731320;b3S;;I;2;ORLANDIA;SP;09/2000;1.298;1.124;101;0;1.197;52;0;0
CECM DOS PROFISSIONAIS DA AREA DE SAUDE DE FRANCISCO BELTRAO;2412022;b3S;;I;2;FRANCISCO BELTRAO;PR;09/2000;1.293;434;1.147;1.132;146;15;0;1
CCR DA BAIXA MOGIANA - SICOOB/SP - CREDIMOGIANA;3319911;b3S;;I;2;MOGI-MIRIM;SP;09/2000;1.287;373;1.312;1.093;-25;4;0;1
CCR SAO JOSE DO CERRITO;694389;b3S;;I;2;SAO JOSE DO CERRITO;SC;09/2000;1.285;658;1.138;997;147;-15;0;1
CCR C/INTERACAO SOLIDARIA DE CONSTANTINA-CRESOL CONSTANTINA.;2663426;b3S;;I;2;CONSTANTINA;RS;09/2000;1.284;142;1.233;754;52;-3;0;0
CCR CURITIBANOS;1155801;b3S;;I;2;CURITIBANOS;SC;09/2000;1.278;942;1.168;1.118;109;-9;0;0
CCE ELEVADORES ATLAS;43730498;b3S;;I;2;SAO PAULO;SP;09/2000;1.277;1.087;38;0;1.238;31;0;0
CECMS UNIVERSIDADE FEDERAL VICOSA LTDA.;2794761;b3S;;I;2;VICOSA;MG;09/2000;1.276;380;945;837;331;15;0;0
PAVARINI DISTRIBUIDORA DE TITULOS E VALORES MOBILIARIOS LTDA;15227994;n2;;I;2;RIO DE JANEIRO;RJ;09/2000;1.271;0;166;42;1.105;-82;2;0
CECMF DA ACSC HOSPITAL SANTA CATARINA;65560658;b3S;;I;2;SAO PAULO;SP;09/2000;1.258;798;149;0;1.109;55;0;0
CECME DA AGUIA BRANCA LTDA;27171974;b3S;;I;2;CARIACICA;ES;09/2000;1.256;887;267;0;989;47;0;0
CC DOS FORNECEDORES DE CANA DA REG DE STA BARBARA D'OESTE;51319283;b3S;;I;2;SANTA BARBARA D'OESTE;SP;09/2000;1.252;367;420;391;833;11;0;0
CCR NOVA TRENTO;2641969;b3S;;I;2;NOVA TRENTO;SC;09/2000;1.248;705;1.161;1.105;87;148;0;1
COOPERATIVA DE CRÉDITO RURAL DO SERIDÓ;24210569;b3S;;I;2;CURRAIS NOVOS;RN;09/2000;1.241;747;769;714;473;12;0;4
COFIBENS CORRETORA DE CAMBIO, TITULOS E VALORES MOB. SA.;2947068;n2;;I;2;PORTO ALEGRE;RS;09/2000;1.236;0;613;0;623;171;2;0
CECM DOS EMPREGADOS DO GRUPO BRASPEROLA LTDA;27395037;b3S;;I;2;CARIACICA;ES;09/2000;1.234;701;884;775;350;4;0;0
CECM DOS COM. DE AUTOPECAS E SERV. DE VIT. DA CONQUISTA LTDA;2882258;b3S;;I;2;VITORIA DA CONQUISTA;BA;09/2000;1.234;982;894;524;340;44;0;0
DOURADA CORRETORA DE CAMBIO E VALORES MOBILIARIOS LTDA.;76641497;n2;;I;2;CURITIBA;PR;09/2000;1.226;0;75;0;1.150;58;1;0
CECM COMERCIANTES CONFECCOES CENTRO NORDESTE MINEIRO LTDA;2173447;b3S;;I;2;GUANHAES;MG;09/2000;1.225;1.054;1.074;1.005;151;10;0;2
CCR DUOVIZINHENSE;888591;b3S;;I;2;DOIS VIZINHOS;PR;09/2000;1.224;587;970;939;254;5;0;3
MANCHESTER S/A - CORRETORA DE CAMBIO E TITULOS;84704451;n2;;I;2;JOINVILLE;SC;09/2000;1.223;0;417;0;806;16;1;0
MBM CORRETORA PORTO ALEGRENSE DE VALORES MOBILIARIOS S.A.;92952357;n2;;I;2;PORTO ALEGRE;RS;09/2000;1.222;0;200;0;1.023;7;1;0
CECM DOS INTEGRANTES DA BRIGADA MILITAR DO RS;3212823;b3S;;I;2;PORTO ALEGRE;RS;09/2000;1.217;454;1.150;1.114;66;-5;0;3
CECMF DA PERPART LTDA.;11356599;b3S;;I;2;RECIFE;PE;09/2000;1.215;735;39;0;1.176;67;0;0
CECMF EMPRESAS RHODIA CONTROLADAS E COLIGADAS;62605290;b3S;;I;2;SAO PAULO;SP;09/2000;1.213;756;113;0;1.100;4;0;0
CCR QUILOMBO;73254757;b3S;;I;2;QUILOMBO;SC;09/2000;1.207;652;1.149;1.118;58;-27;0;2
CECMS PUB.CIV.ORG.ADM.DIRETA PODER EXEC.FED.EST.ES-COOPEFES;2083914;b3S;;I;2;VILA VELHA;ES;09/2000;1.202;849;731;709;471;58;0;0
CCR RAUL SOARES LTDA;1060307;b3S;;I;2;RAUL SOARES;MG;09/2000;1.194;917;917;659;277;14;0;1
AGILIS DISTRIBUIDORA DE TITULOS E VALORES MOBILIARIOS LTDA;3882223;n2;;I;2;SAO PAULO;SP;09/2000;1.190;0;174;162;1.017;-40;1;0
PETRA - PERSONAL TRADER DISTRIB TITS E VALS MOBILIARIOS LTDA;3317692;n2;;I;2;SAO PAULO;SP;09/2000;1.181;0;274;0;908;-10;1;0
CECME JARCEL CELULOSE EMP COLIGADAS MONTE DOURADO JARICRED;5117924;b3S;;I;2;ALMEIRIM;PA;09/2000;1.181;899;113;0;1.068;84;0;0
CECM COMERCIANTES MATERIAIS CONSTRUCAO CAMPO BELO LTDA;2377718;b3S;;I;2;CAMPO BELO;MG;09/2000;1.181;1.020;1.029;991;152;50;0;1
CITY DISTRIBUIDORA DE TITULOS E VALORES MOBILIARIOS LTDA;33637992;n2;;I;2;RIO DE JANEIRO;RJ;09/2000;1.180;0;397;0;783;-99;1;0
CEC EMPREGADOS DA PETROBRAS - PETROCRED;953908;b3S;;I;2;SAO CAETANO DO SUL;SP;09/2000;1.179;881;934;934;245;9;0;0
CCR MORRINHOS LTDA;33579731;b3S;;I;2;MORRINHOS;GO;09/2000;1.178;740;604;473;574;12;0;0
BANCOM SOCIEDADE CORRETORA DE CAMBIO S.A;67212035;n2;;I;2;SAO BERNARDO DO CAMPO;SP;09/2000;1.178;0;859;0;318;5;4;0
CECM COMERCIANTES CONFECCOES VALE DO ACO LTDA.;2466363;b3S;;I;2;CORONEL FABRICIANO;MG;09/2000;1.175;1.094;1.229;1.172;-54;-82;0;3
MIDAS CCTVM S.A.;35602606;n2;;I;2;RECIFE;PE;09/2000;1.172;0;179;0;993;-91;3;0
CCR DE VOLTA REDONDA LTDA;254908;b3S;;I;2;VOLTA REDONDA;RJ;09/2000;1.166;960;1.085;660;81;-1;0;0
CCR PALMEIRAS LTDA;37631058;b3S;;I;2;PALMEIRAS DE GOIAS;GO;09/2000;1.161;777;653;499;508;41;0;0
CREDIBEL DISTRIBUIDORA DE TITULOS E VALORES MOBILIARIOS LTDA;1963219;n2;;I;2;SAO PAULO;SP;09/2000;1.159;0;35;0;1.124;28;1;0
CECMS DA COMLURB LTDA;29341260;b3S;;I;2;RIO DE JANEIRO;RJ;09/2000;1.158;654;382;152;776;2;0;0
EXPRINTER DISTRIBUIDORA DE TITULOS E VALORES MOBILIARIOS LTD;61679874;n2;;I;2;SAO PAULO;SP;09/2000;1.153;0;65;0;1.087;44;1;0
CECME DA MERCK SHARP E DOHME FARMACEUTICA- COOPERMERCK;2814832;b3S;;I;2;SAO PAULO;SP;09/2000;1.152;1.108;134;74;1.018;60;0;0
COOPERATIVA DE ECONOMIA E CRÉDITO MÚTUO DOS  COMERCIANTES DE CONFECÇÕES DO VESTUÁRIO DE SETE LAGOAS LTDA.;3086930;b3S;;I;2;SETE LAGOAS;MG;09/2000;1.150;697;1.042;1.011;108;1;0;0
CHECKINVEST DISTRIBUIDORA DE TITS.E VALS.MOBILIARIOS LTDA;92891381;n2;;I;2;SAO PAULO;SP;09/2000;1.149;0;877;0;272;-8;1;0
CECM DOS MEDICOS DE ARACAJU LTDA - UNICRED DE ARACAJU;2923389;b3S;;I;2;ARACAJU;SE;09/2000;1.148;988;979;963;169;0;0;0
CECM TRAB.INST.ENS. DA REGIAO METROPOLITANA DE FLORIANOPOLIS;73656795;b3S;;I;2;FLORIANOPOLIS;SC;09/2000;1.148;596;992;969;156;-31;0;2
CECM COMERCIANTES CONFECCOES MACHADO LTDA.;530449;b3S;;I;2;MACHADO;MG;09/2000;1.137;1.625;2.202;1.889;-1.065;-194;0;4
CM CAPITAL MARKETS CORRETORA DE CAMBIO LTDA;2671743;n2;;I;3;SAO PAULO;SP;09/2000;1.133;0;49;0;1.084;23;0;0
FRIZZO PECUNIA DISTRIBUIDORA TITULOS VALORES MOBIL.LTDA.;62264924;n2;;I;2;SAO PAULO;SP;09/2000;1.132;0;496;0;636;15;1;0
LASTRO RDV DISTRIBUIDORA DE TITULOS VALORES MOBILIARIOS LTDA;71590442;n2;;I;2;ARARAS;SP;09/2000;1.132;0;105;0;1.027;-5;1;0
CECM DOS MEDICOS E DEMAIS PROF DA SAUDE DE PORTO VELHO LTDA.;1664968;b3S;;I;2;PORTO VELHO;RO;09/2000;1.127;363;674;599;453;-18;0;0
MOEDA SOCIEDADE CORRETORA DE CAMBIO LTDA;43653450;n2;;I;2;SAO PAULO;SP;09/2000;1.125;0;720;0;405;91;2;0
ALVES FERREIRA CORRETORA DE VALORES LTDA;85010361;n2;;I;2;CURITIBA;PR;09/2000;1.120;0;293;0;826;-17;1;0
CECME EM EMPRESAS DE TELECOMUNICACOES NO NE - CERTEL LTDA;12928909;b3S;;I;2;JOAO PESSOA;PB;09/2000;1.119;411;366;60;753;19;0;1
CCM MEDICOS DAS MICROREGIOES DE GOIANIA E ANAPOLIS LTDA;1720488;b3S;;I;2;GOIANIA;GO;09/2000;1.116;599;708;636;408;41;0;0
COOPERATIVA DE ECONOMIA E CRÉDITO MÚTUO DOS FUNCIONÁRIOS DO GRUPO GERDAU - AÇOS FINOS PIRATINI;88952130;b3S;;I;2;CHARQUEADAS;RS;09/2000;1.110;945;41;0;1.069;58;0;0
CECMF DA FUNDACAO E. J. ZERBINI;1997612;b3S;;I;2;SAO PAULO;SP;09/2000;1.109;882;160;0;949;75;0;0
TIME - DISTRIBUIDORA DE TITULOS E VALORES MOBILIARIOS LTDA;58232208;n2;;I;2;RIO DE JANEIRO;RJ;09/2000;1.108;0;81;0;1.027;131;1;0
COOPERATIVA DE CREDITO RURAL LIVRAMENTENSE LTDA.;2303686;b3S;;I;2;LIVRAMENTO DE NOSSA SENHORA;BA;09/2000;1.107;779;953;948;155;3;0;0
CCR DE SAO GABRIEL DO OESTE;3566655;b3S;;I;2;SAO GABRIEL DO OESTE;MS;09/2000;1.106;376;1.005;968;100;1;0;2
CECM DOS TELEFONICOS DO ESTADO DE MATO GROSSO;1235093;b3S;;I;2;CUIABA;MT;09/2000;1.104;345;1.208;1.059;-104;-187;0;0
MULTICRED - CORRETORA DE VALORES E CAMBIO S.A.;419291;n2;;I;2;BRASILIA;DF;09/2000;1.100;0;117;0;983;-50;1;0
COOPERATIVA DE ECONOMIA E CREDITO MUTUO DOS EMPREGADOS DA CIA DE ELETRICIDADE DO ESTADO DO RJ CREDICERJ LTDA;30138226;b3S;;I;2;NITEROI;RJ;09/2000;1.095;583;576;390;520;5;0;0
DATABANK CORRETORA DE CAMBIO E VALORES MOBILIARIOS LTDA;76631522;n2;;I;2;CURITIBA;PR;09/2000;1.092;0;93;0;999;-32;1;0
CCMS POLICIA FEDERAL E POLICIA RODOV.FEDERAL EM GOIAS LTDA.;2339371;b3S;;I;2;GOIANIA;GO;09/2000;1.087;883;721;494;366;18;0;0
CCR ALEM PARAIBA LTDA;26254359;b3S;;I;2;ALEM PARAIBA;MG;09/2000;1.084;722;678;590;405;9;0;1
CCR DE VASSOURAS LTDA.;254909;b3S;;I;2;VASSOURAS;RJ;09/2000;1.078;1.407;1.014;975;64;16;0;1
APORTE DISTRIBUIDORA DE TITULOS E VALORES MOBILIARIOS LTDA;62090873;n2;;I;2;SAO PAULO;SP;09/2000;1.077;0;464;0;613;-35;1;0
CECM DOS SERVIDORES DA UERJ LTDA. - COOPUERJ;28885036;b3S;;I;2;RIO DE JANEIRO;RJ;09/2000;1.076;697;645;585;431;-29;0;0
SUCRED - CECMF DA SUDAM LTDA;83325985;b3S;;I;2;BELEM;PA;09/2000;1.075;980;402;381;673;11;0;0
KARTEL DISTRIBUIDORA DE TITULOS E VALORES MOBILIARIOS LTDA;17362484;n2;;I;2;RIO DE JANEIRO;RJ;09/2000;1.074;0;187;0;887;380;1;0
CECM DOS MEDICOS DE CABO FRIO LTDA - UNICRED DE CABO FRIO;2214201;b3S;;I;2;CABO FRIO;RJ;09/2000;1.069;626;710;652;359;17;0;0
CONSULTRADE-CORRETORA DE CAMBIO, TIT. E VAL. MOBIL. LTDA;17434432;n2;;I;2;BELO HORIZONTE;MG;09/2000;1.062;0;208;0;854;-12;1;0
CECM DOS POLICIAIS FEDERAIS DO RIO GRANDE DO SUL;3000142;b3S;;I;2;PORTO ALEGRE;RS;09/2000;1.062;619;855;840;207;29;0;1
CECMF AGROVALE LTDA.;1816701;b3S;;I;2;QUIRINOPOLIS;GO;09/2000;1.059;935;254;183;805;53;0;1
CECME DA ALCATEL TELECOMUNICACOES;62781232;b3S;;I;2;SAO PAULO;SP;09/2000;1.058;934;114;0;945;40;0;0
CECM DOS SERVIDORES MUNICIPAIS DE VITORIA LTDA;1235921;b3S;;I;2;VITORIA;ES;09/2000;1.058;556;266;131;791;11;0;0
CECM DOS COLABORADORES DA CEBRACE;53184438;b3S;;I;2;JACAREI;SP;09/2000;1.056;1.032;9;0;1.046;46;0;0
COOPERUFPA - COOPERATIVA DE ECONOMIA E CRÉDITO MÚTUO DOS SERVIDORES DO MINISTÉRIO DA EDUCAÇÃO NO ESTADO DO PARÁ;83325811;b3S;;I;2;BELEM;PA;09/2000;1.054;701;135;6;919;24;0;0
CECM MEDICOS E DEMAIS PROF SAUDE VITORIA DA CONQUISTA LTDA.;2833202;b3S;;I;2;VITORIA DA CONQUISTA;BA;09/2000;1.041;417;946;928;95;2;0;0
CECMF DAS EMPRESAS ITAU;43446335;b3S;;I;2;SAO PAULO;SP;09/2000;1.038;841;44;0;995;34;0;0
CATEDRAL - CORRETORA DE CAMBIO E TITULOS MOBILIARIOS LTDA;15230501;n2;;I;2;SALVADOR;BA;09/2000;1.038;0;481;0;557;10;1;0
CC DE ITORORO RESPONSABILIDADE LTDA;16426181;b3S;;I;2;ITORORO;BA;09/2000;1.034;814;986;969;48;-15;0;0
CECME DIARIOS EMISSORAS ASSOCIADOS DE BH LTDA.;17415654;b3S;;I;2;BELO HORIZONTE;MG;09/2000;1.033;423;293;0;740;33;0;0
CECMF DA ANDORINHA;64761471;b3S;;I;2;PRESIDENTE PRUDENTE;SP;09/2000;1.031;838;91;0;940;42;0;0
SINTESE DISTRIBUIDORA DE TITULOS DE VALORES MOBILIARIOS LTDA;2984274;n2;;I;2;SAO PAULO;SP;09/2000;1.029;0;7;0;1.022;-98;1;0
CECMS MUNICIPAIS ITABIRA LTDA.;16651002;b3S;;I;2;ITABIRA;MG;09/2000;1.020;751;236;23;784;37;0;0
CECME MAGNESITA S.A.LTDA;913314;b3S;;I;2;CONTAGEM;MG;09/2000;1.016;754;99;0;917;26;0;0
CECMT IND.EXTRACAO FERRO METAIS BASICOS REG.CONGONHAS LTDA;71384697;b3S;;I;2;CONGONHAS;MG;09/2000;1.014;775;47;0;967;39;0;0
CCR DE PORECATU LTDA;78420262;b3S;;I;2;PORECATU;PR;09/2000;1.011;981;197;149;815;16;0;0
CECMF DE PARKER HANNIFIN;45214947;b3S;;I;2;JACAREI;SP;09/2000;1.010;752;34;0;976;38;0;0
CCMS DO MINISTERIO DA EDUCACAO EM SAO PAULO - COOPEMESP;73092827;b3S;;I;2;SAO PAULO;SP;09/2000;1.002;853;112;96;890;28;0;0
CCR RIO PARANAIBA LTDA;2027122;b3S;;I;2;RIO PARANAIBA;MG;09/2000;1.001;737;738;704;263;2;0;1
CECM DA ALIANCA DOS MEDICOS DE SAO JOSE DO RIO PARDO;2917641;b3S;;I;2;SAO JOSE DO RIO PARDO;SP;09/2000;1.001;981;955;945;45;17;0;0
CECM MEDICOS E DEMAIS PROF SAUDE EST PARA LTDA - UNICRED PA;83315408;b3S;;I;2;BELEM;PA;09/2000;994;794;1.162;1.156;-168;-9;0;1
CECM AUDITORES FISCAIS RECEITA FEDERAL EM MINAS GERAIS;41661984;b3S;;I;2;BELO HORIZONTE;MG;09/2000;994;904;56;0;937;55;0;0
CECM COMERCIANTES CONFECCOES TRES CORACOES LTDA.;1772627;b3S;;I;2;TRES CORACOES;MG;09/2000;994;890;1.408;1.216;-414;-54;0;3
CECME DA ELEKTRO DE RIO CLARO;56396682;b3S;;I;2;RIO CLARO;SP;09/2000;991;731;244;0;746;18;0;0
CCR CONQUISTA DE FRIBURGO LTDA.;852242;b3S;;I;2;NOVA FRIBURGO;RJ;09/2000;989;523;744;692;245;-19;0;1
CECM DOS MEDICOS  CACH.ITAPEMIRIM LTDA-UNICRED SUL CAPIXABA;3559425;b3S;;I;2;CACHOEIRO DE ITAPEMIRIM;ES;09/2000;989;67;946;877;43;-25;0;0
CECME DA PETRI;47944277;b3S;;I;2;JUNDIAI;SP;09/2000;985;731;100;0;885;38;0;0
CECMF DO HOSPITAL VERA CRUZ E VERA CRUZ SOCIEDADE CIVIL;44588366;b3S;;I;2;CAMPINAS;SP;09/2000;985;771;85;0;900;37;0;0
UNICRED CRATEUS CECM MEDICOS E PROF. SAUDE REG. CRATEUS LTDA;68389;b3S;;I;2;CRATEUS;CE;09/2000;985;395;791;777;193;22;0;0
CECMF DE VILLARES METALS-CREDIMETALS;53846242;b3S;;I;2;SUMARE;SP;09/2000;985;845;63;34;921;28;0;0
EQUACAO DISTRIBUIDORA DE TITULOS E VALORES MOBILIARIOS LTDA.;32206377;n2;;I;2;SAO PAULO;SP;09/2000;979;0;14;0;966;-115;1;0
CECME DOS LABORATORIOS B.BRAUN LTDA;30586895;b3S;;I;2;SAO GONCALO;RJ;09/2000;976;714;284;0;693;17;0;0
CC DE MENDES LTDA;28572261;b3S;;I;2;MENDES;RJ;09/2000;975;583;763;741;212;5;0;0
CECM MEDICOS E DEMAIS PROFISSIONAIS DA SAUDE DE BAGE;2463485;b3S;;I;2;BAGE;RS;09/2000;975;578;715;691;260;27;0;0
CC URBANO DOS CIRURGIOES DENTISTAS DE CUIABA LTDA;928993;b3S;;I;2;CUIABA;MT;09/2000;968;641;582;557;387;8;0;0
CECME DA EMBRAPA;2338666;b3S;;I;2;BRASILIA;DF;09/2000;967;887;452;394;516;-21;0;0
SINTONIA DISTRIBUIDORA DE TITULOS E VALORES MOBILIARIOS LTDA;1960479;n2;;I;2;BRASILIA;DF;09/2000;965;0;47;0;918;-48;1;0
CCR CORINTO LTDA;25982133;b3S;;I;2;CORINTO;MG;09/2000;964;707;1.027;980;-63;27;0;0
CECME DA VALISERE LTDA;66716812;b3S;;I;2;MAUA;SP;09/2000;956;836;87;0;870;36;0;0
CC DOS POLICIAIS FEDERAIS NA PARAIBA - FEDERALCRED;3102185;b3S;;I;2;JOAO PESSOA;PB;09/2000;954;961;541;495;414;44;0;0
CCR CRISTALINA LTDA;97354674;b3S;;I;2;CRISTALINA;GO;09/2000;954;61;966;939;-12;-90;0;0
CECM DOS CORRETORES DE SEGUROS DO ESPIRITO SANTO-CREDICORES;2996857;b3S;;I;2;VITORIA;ES;09/2000;953;590;859;831;94;-32;0;1
CECM DOS MICROS E PEQ. COMERC. DE CONF. DO NORTE E NORD. SC;2843443;b3S;;I;2;JOINVILLE;SC;09/2000;953;166;937;924;16;-22;0;1
COOPERATIVA DE CRÉDITO RURAL REGIÃO DE ITURAMA LTDA E CREDIRAMA;3412878;b3S;;I;2;ITURAMA;MG;09/2000;948;523;393;261;555;27;0;0
GAMEX SECURITIES CORRETORA DE CAMBIO E VALORES MOLIB.LTDA.;7147382;n2;;I;2;FORTALEZA;CE;09/2000;946;0;228;0;718;-39;2;0
CONQUISTA - DISTRIBUIDORA DE TITULOS E VALORES MOBILIÁRIOS LTDA;96348875;n2;;I;2;SAO PAULO;SP;09/2000;943;0;59;0;883;31;1;0
MISASI DISTRIBUIDORA DE TITULOS E VALORES MOBILIARIOS LTDA.;62977723;n2;;I;2;SAO PAULO;SP;09/2000;942;0;289;0;653;-131;1;0
UNITAS DISTRIBUIDORA DE TITULOS E VALORES MOBILIARIOS LTDA;44077014;n2;;I;2;SAO PAULO;SP;09/2000;942;0;427;0;514;67;1;0
CECM BANCARIOS DE BH E REGIAO METROPOLITANA LTDA.;71502181;b3S;;I;2;BELO HORIZONTE;MG;09/2000;941;996;459;342;482;-78;0;1
COOPERATIVA DE CRÉDITO RURAL SÃO GOTARDO LTDA.;3645752;b3S;;I;2;SAO GOTARDO;MG;09/2000;930;139;720;610;210;-32;0;0
COOPERATIVA DE ECONOMIA E CRÉDITO MÚTUO DOS COMERCIANTES DE CONFECÇÕES DO VESTUÁRIO DE TIMÓTEO LTDA.;2461825;b3S;;I;2;TIMOTEO;MG;09/2000;929;879;820;784;109;7;0;0
CECM DOS SERVIDORES DA SSMA, FEPAM E FEPPS;3010047;b3S;;I;2;PORTO ALEGRE;RS;09/2000;924;618;841;822;83;11;0;0
DILLON S/A DISTRIBUIDORA DE TITULOS E VALORES MOBILIARIOS;33851064;n2;;I;2;RIO DE JANEIRO;RJ;09/2000;923;0;33;0;891;-37;1;0
CECM DOS SERVIDORES DO PODER JUDICIARIO DO RIO GRANDE DO SUL;3453295;b3S;;I;2;PORTO ALEGRE;RS;09/2000;918;763;662;636;256;26;0;1
PACTO CORRETORA DE CAMBIO E VALORES MOBILIARIOS LTDA.;69577948;n2;;I;2;SAO LUIS;MA;09/2000;918;0;205;15;713;1;2;0
CECME ALCAN ALUMINIO DO BRASIL LTDA.;23069867;b3S;;I;2;OURO PRETO;MG;09/2000;907;500;51;0;856;29;0;0
MATONE CORRETORA DE VALORES MOBILIARIOS E CAMBIO LTDA;89960090;n2;;I;2;PORTO ALEGRE;RS;09/2000;906;0;164;0;743;3;1;0
DEBONI CORRETORA - CAMBIO E VALORES MOBILIARIOS LTDA.;77162881;n2;;I;2;CURITIBA;PR;09/2000;904;0;39;0;864;-4;1;0
CECME DO GRUPO CALOI;43941145;b3S;;I;2;SAO PAULO;SP;09/2000;903;590;51;0;852;31;0;0
CCMS PUBLICOS DE DOIS VIZINHOS;1480754;b3S;;I;2;DOIS VIZINHOS;PR;09/2000;900;559;768;744;133;11;0;3
TORRE CORRETORA DE CÂMBIO S/A;57582264;n2;;I;2;SAO PAULO;SP;09/2000;895;0;190;0;706;12;1;0
CECM DOS MEDICOS DE ARARUAMA LTDA - UNICRED DE ARARUAMA;2466014;b3S;;I;2;ARARUAMA;RJ;09/2000;895;546;635;604;260;7;0;0
CCR DO AGRESTE POTIGUAR;12986360;b3S;;I;2;NATAL;RN;09/2000;892;301;805;678;86;-22;0;0
CCR PARAISO DO TOCANTINS LTDA;26960328;b3S;;I;2;PARAISO DO NORTE DO TOCANTINS;TO;09/2000;891;553;481;422;411;22;0;1
LIRA S.A. CORRETORA DE CAMBIO;67041053;n2;;I;2;SANTANA DE PARNAIBA;SP;09/2000;890;0;537;0;352;0;2;0
CCR PADRE PARAISO LTDA;71141154;b3S;;I;2;PADRE PARAISO;MG;09/2000;887;734;788;754;99;-15;0;2
CECM PROFISSIONAIS AREA SAUDE CURSO SUPERIOR SUL MINAS LTDA.;2711134;b3S;;I;2;VARGINHA;MG;09/2000;880;570;800;776;81;8;0;0
ACTION S.A. DISTRIBUIDORA DE TITULOS E VALORES MOBILIARIOS;24159923;n2;;I;2;SAO PAULO;SP;09/2000;878;0;111;0;767;-16;1;0
EKOBANK CORRETORA DE CAMBIO, TITULOS E VAL. MOBIL. LTDA.;3429275;n2;;I;2;RECIFE;PE;09/2000;878;0;108;0;769;24;2;0
CCR ABELARDO LUZ;1073966;b3S;;I;2;ABELARDO LUZ;SC;09/2000;876;670;726;696;151;0;0;0
STARINVEST S.A. CORRETORA DE CAMBIO E VALORES MOBILIARIOS;11513306;n2;;I;2;RECIFE;PE;09/2000;873;0;109;0;764;52;2;0
CCME DA SKF;49091119;b3S;;I;2;CAJAMAR;SP;09/2000;872;850;36;0;836;36;0;0
CECME S.A.MINERACAO DA TRINDADE LTDA.;18295428;b3S;;I;2;MARIANA;MG;09/2000;870;651;44;0;827;35;0;0
COOPERATIVA DE ECONOMIA E CRÉDITO MÚTUO DOS FUNCIONÁRIOS DO GRUPO MELHORAMENTOS DE SÃO PAULO;1504952;b3S;;I;2;SAO PAULO;SP;09/2000;870;679;77;0;793;31;0;0
CECMS DA SECRETARIA DE ESTADO DE FAZENDA DE MATO GROSSO LTDA;3032915;b3S;;I;2;CUIABA;MT;09/2000;866;562;807;788;59;32;0;1
CECME CIA SIDERURGICA BELGO MINEIRA -USINA J.MONLEVADE;24235459;b3S;;I;2;JOAO MONLEVADE;MG;09/2000;865;638;192;112;673;50;0;0
CCR DO VALE DO ASSU;40762460;b3S;;I;2;ACU;RN;09/2000;862;546;634;436;228;6;0;0
SAGRES DISTRIBUIDORA DE TITULOS E VALORES MOBILIARIOS LTDA;62050554;n2;;I;2;SAO PAULO;SP;09/2000;862;0;288;0;573;-20;1;0
CECMF DA CIA PAULISTA DE TRENS METROPOLITANOS;1530136;b3S;;I;2;OSASCO;SP;09/2000;861;696;39;0;822;44;0;0
CECME DA ARNO;49331093;b3S;;I;2;SAO PAULO;SP;09/2000;861;529;52;0;808;40;0;0
CECME DA CESAN LTDA;27418557;b3S;;I;2;VITORIA;ES;09/2000;860;375;377;329;483;0;0;0
CECRISACRED-COOP.DE CREDITO MUTUO DOS EMPREGADOS CECRISA;3427097;b3S;;I;2;CRICIUMA;SC;09/2000;859;802;523;521;335;23;0;1
SANTINVEST S.A. DISTRIBUIDORA DE TIT. E VALORES MOBILIARIOS;122328;n2;;I;2;FLORIANOPOLIS;SC;09/2000;858;0;53;0;805;12;1;0
CCMF GRUPO INEPAR;53236808;b3S;;I;2;ARARAQUARA;SP;09/2000;853;702;59;36;795;22;0;0
COOPERATIVA DE ECONOMIA E CREDITO MUTUO DOS FUNC DA PARMALAT;44830636;b3S;;I;2;ARACATUBA;SP;09/2000;846;816;101;0;745;37;0;0
TRANSCORP DISTRIBUIDORA DE TITULOS E VAL. MOBILIARIOS LTDA;329265;n2;;I;2;CURITIBA;PR;09/2000;846;0;252;0;594;81;1;0
UNICRED CARIRI - CECM MEDICOS PROF SAUDE REGIAO CARIRI LTDA.;86913993;b3S;;I;2;JUAZEIRO DO NORTE;CE;09/2000;845;301;537;508;307;9;0;2
BANCESA-CORRETORA DE CAMBIO TITULOS E VALORES MOBILS. LTDA;5351887;n2;;I;2;FORTALEZA;CE;09/2000;841;0;240;0;601;-10;1;0
CECMF E SERVIDORES PUBLICOS DO ESTADO DE MS LTDA;24610065;b3S;;I;2;CAMPO GRANDE;MS;09/2000;840;648;228;7;612;24;0;0
CCMF DAS EMPRESAS FERROVIARIAS DO EST. SAO PAULO;53932869;b3S;;I;2;OSASCO;SP;09/2000;840;501;146;40;694;-2;0;0
COOPERATIVA DE ECONOMIA E CREDITO MUTUO DOS SERVIDORES DO INCRA LTDA;34045930;b3S;;I;2;RIO DE JANEIRO;RJ;09/2000;835;695;108;32;727;6;0;0
CECMS DA PREFEITURA MUNICIPAL DE VOTORANTIM;52137361;b3S;;I;2;VOTORANTIM;SP;09/2000;833;427;168;0;666;42;0;0
COOPERATIVA DE ECONOMIA E CRÉDITO MÚTUO DOS PANIFICADORES BELO HORIZONTE E  REGIÃO METROPOLITANA LTDA.;1068432;b3S;;I;2;BELO HORIZONTE;MG;09/2000;830;696;503;468;327;89;0;0
CCR DE SERRINHA DE RESPONSABILIDADE LTDA;63229629;b3S;;I;2;SERRINHA;BA;09/2000;827;509;809;774;17;-46;0;0
MERCURIO S.A. DISTRIBUIDORA DE TITULOS E VALORES MOBILIARIOS;72600026;n2;;I;2;PORTO ALEGRE;RS;09/2000;826;0;534;0;292;-11;2;0
CECM CORRETORES SEGUROS,CAPIT.PREVID.PRIV.REGIAO GOIANIA;2935307;b3S;;I;2;GOIANIA;GO;09/2000;821;131;555;528;266;25;0;0
CECM COMERCIANTES CONFECCOES VARZEA DA PALMA LTDA.;1667352;b3S;;I;2;VARZEA DA PALMA;MG;09/2000;820;614;647;623;173;22;0;0
CECME CIA BRASILEIRA DE METALURGIA E MINERACAO LTDA.;18140913;b3S;;I;2;ARAXA;MG;09/2000;813;290;136;120;678;14;0;0
CCR DO VALE DO PARAIBA LTDA.;177554;b3S;;I;2;RESENDE;RJ;09/2000;801;676;736;641;64;-11;0;0
CECME SYLVANIA DO BRASIL ILUMINACAO;62845474;b3S;;I;2;SAO PAULO;SP;09/2000;797;647;112;0;685;39;0;0
CECMS ESTADUAIS DO PODER EXECUTIVO DO ESTADO DE RONDONIA;2691100;b3S;;I;2;PORTO VELHO;RO;09/2000;792;465;411;408;381;12;0;0
CECMS SANTA CASA MISERICORDIA JUIZ DE FORA LTDA.;1335986;b3S;;I;2;JUIZ DE FORA;MG;09/2000;790;619;263;215;527;33;0;0
FLUXO CORRETORA DE CAMBIO LTDA;34562942;n2;;I;2;BARUERI;SP;09/2000;790;0;142;0;647;121;2;0
CCR PRATA LTDA;25407917;b3S;;I;2;PRATA;MG;09/2000;789;1.788;1.815;1.617;-1.026;-207;0;1
CECM DOS PROFISSIONAIS DA AREA DE SAUDE DE PIRACICABA REGIAO;2072790;b3S;;I;2;PIRACICABA;SP;09/2000;787;188;592;577;195;19;0;0
COOPERATIVA DE ECONOMIA E CREDITO MUTUO DOS COMERCIANTES DE CONFECCOES DA GLORIA - COOPGLORIA;2357417;b3S;;I;2;VILA VELHA;ES;09/2000;782;740;746;716;36;-53;0;0
BRASIL CENTRAL S.A. DISTRIBUIDORA DE TIT. E VAL. MOBILIARIOS;33488222;n2;;I;2;RIO DE JANEIRO;RJ;09/2000;782;0;50;0;731;69;1;0
COOPERATIVA DE CRÉDITO RURAL COLABA;60793148;b3S;;I;2;BATATAIS;SP;09/2000;782;397;519;479;263;15;0;0
CECMF MAXION LTDA;44378586;b3S;;I;2;CONTAGEM;MG;09/2000;781;667;101;0;680;4;0;0
FAR S.A. DISTRIBUIDORA DE TITULOS E VALORES MOBILIARIOS;3725250;n2;;I;2;SAO PAULO;SP;09/2000;776;0;173;0;603;-12;1;0
CECME DA DELPHOS LTDA;29326816;b3S;;I;2;RIO DE JANEIRO;RJ;09/2000;775;435;354;320;421;3;0;0
CECME DA NOVA AMERICA LTDA.;29770310;b3S;;I;2;DUQUE DE CAXIAS;RJ;09/2000;773;646;647;627;126;5;0;0
CCMS DA FUNDACAO UNIVERSIDADE DE BRASILIA - CRED-FUB;3233248;b3S;;I;2;BRASILIA;DF;09/2000;772;195;683;673;90;25;0;0
COOPERATIVA DE ECONOMIA E CRÉDITO MÚTUO DOS SERVIDORES PÚBLICOS MUNICIPAIS DE TIMÓTEO LTDA.;20833976;b3S;;I;2;TIMOTEO;MG;09/2000;772;59;83;33;688;1;0;0
CECMF DA NITRO QUIMICA;52935442;b3S;;I;2;SAO PAULO;SP;09/2000;770;595;143;94;627;25;0;0
CECMS MILITARES, POLICIA CIVIL, SEC. EDUCACAO EST.MG LTDA.;3269540;b3S;;I;2;BELO HORIZONTE;MG;09/2000;770;572;543;491;227;-4;0;2
CECME DA FUNDACAO PARA O DESENVOLVIMENTO DA EDUCACAO;64764129;b3S;;I;2;SAO PAULO;SP;09/2000;769;608;92;28;677;6;0;0
CCR BELA VISTA DE GOIAS LTDA;33286576;b3S;;I;2;BELA VISTA DE GOIAS;GO;09/2000;765;436;483;374;282;13;0;0
ATTUAL CORRETORA DE CAMBIO, TITULOS E VAL. MOBILIARIOS LTDA;4967022;n2;;I;2;MANAUS;AM;09/2000;765;0;8;0;757;-16;2;0
CREDSEF-CECMS DA SECRETARIA DE FAZENDA DO DISTRITO FEDERAL;3603683;b3S;;I;2;BRASILIA;DF;09/2000;763;367;606;592;157;15;0;0
PACIFIC INVEST DISTRIBUIDORA DE TITULOS E VALORES MOBILIARIOS LTDA;73279093;n2;;I;2;CHAPECO;SC;09/2000;763;0;308;0;454;131;7;0
CCR DOS PLANTADORES DE CANA DO RIO GRANDE DO NORTE;8118630;b3S;;I;2;NATAL;RN;09/2000;763;752;262;132;501;-9;0;0
COOPERATIVA DE CREDITO DA EDITORA GLOBO-CREDGLOBO;1380386;b3S;;I;2;SAO PAULO;SP;09/2000;760;477;17;0;743;32;0;0
CCF DA TORTUGA;2498151;b3S;;I;2;SAO PAULO;SP;09/2000;760;608;47;0;713;36;0;0
CECM MEDICOS DEMAIS PROFISSIONAIS SAUDE BOA VISTA LTDA;2137018;b3S;;I;2;BOA VISTA;RR;09/2000;760;305;638;602;121;67;0;0
CECM MEDICOS OUTROS PROFISSIONAIS AREA SAUDE ANAPOLIS REGIAO;2282709;b3S;;I;2;ANAPOLIS;GO;09/2000;758;180;641;625;117;-23;0;0
UNICA CORRETORA DE CAMBIO E VALORES LTDA.;6971154;n2;;I;2;FORTALEZA;CE;09/2000;756;0;0;0;756;-4;1;0
CCRIS DE CASCAVEL - CRESOL DE CASCAVEL;2448310;b3S;;I;2;CASCAVEL;PR;09/2000;753;224;504;410;249;-9;0;0
CECM DOS SERVIDORES PUBL.DA SEC.DA FAZ.DO ESTADO DE SC;3419786;b3S;;I;2;FLORIANOPOLIS;SC;09/2000;750;505;646;629;104;-7;0;0
CECM MEDICOS E DEMAIS PROF SAUDE DE CACHOEIRA DO SUL LTDA;2240143;b3S;;I;2;CACHOEIRA DO SUL;RS;09/2000;745;492;668;645;77;7;0;0
S. HAYATA CORRETORA DE CAMBIO LTDA;67391821;n2;;I;2;SAO PAULO;SP;09/2000;744;0;242;0;502;-1;1;0
CECMS PUBLICOS MUNICIPAIS JOAO MONLEVADE LTDA.;18310649;b3S;;I;2;JOAO MONLEVADE;MG;09/2000;742;708;77;0;666;39;0;0
CECME DOS SUPERMERCADOS RUSSI;2230138;b3S;;I;2;JUNDIAI;SP;09/2000;740;545;59;0;682;25;0;0
CECM COMERCIANTES CONFECCOES PASSOS LTDA.;599085;b3S;;I;2;PASSOS;MG;09/2000;737;792;615;590;122;9;0;0
COOPERATIVA DE ECONOMIA E CRÉDITO MÚTUO DOS FUNCIONÁRIOS DA ASSEMBLÉIA LEGISLATIVA DO ESTADO DA PARAÍBA LTDA. -  COOPERLEGIS;41146382;b3S;;I;2;JOAO PESSOA;PB;09/2000;735;706;228;163;508;40;0;0
CCR PROD.VALE PARACATU LTDA;25360975;b3S;;I;2;PARACATU;MG;09/2000;734;2.515;2.535;2.258;-1.801;-70;0;0
CECMF DA CAROL - COOPERCAROL;57987273;b3S;;I;2;ORLANDIA;SP;09/2000;734;465;105;0;628;30;0;0
J. G. OLIVEIRA CORRETOR DE CAMBIO TITULOS E VAL MOBILIARIOS;7262108;n2;;I;2;FORTALEZA;CE;09/2000;732;0;9;0;723;-1;1;0
TAKEOVER CORRETORA DE CAMBIO TITULOS E VALORES MOBILIARIOS L;49951411;n2;;I;2;SANTOS;SP;09/2000;728;0;231;0;497;-88;2;0
GUEDES DE ALCANTARA DISTRIBUIDORA DE TITULOS VAL MOBIL LTDA;71466445;n2;;I;2;SOROCABA;SP;09/2000;727;0;204;0;524;-18;1;0
CREDICORP CORRETORA DE CAMBIO LTDA.;72182306;n2;;I;2;RIO DE JANEIRO;RJ;09/2000;727;0;54;0;672;53;1;0
UNICRED VALE JAGUARIBE CECM MED PROF SAUDE V JAGUARIBE LTDA.;74172685;b3S;;I;2;LIMOEIRO DO NORTE;CE;09/2000;725;234;479;463;246;24;0;2
CECM CONTABILISTAS GRANDE BELO HORIZONTE LTDA.;2217068;b3S;;I;2;BELO HORIZONTE;MG;09/2000;725;582;428;392;297;0;0;0
CCMF DA FABRICA DE CIMENTO VOTORAN;45421856;b3S;;I;2;VOTORANTIM;SP;09/2000;723;708;234;0;489;9;0;0
CECM COMERCIANTES CONFECCOES CIRCUITO DO OURO LTDA;1649389;b3S;;I;2;SANTA BARBARA;MG;09/2000;722;793;758;717;-35;13;0;1
CECMC DA FICAP LTDA;33668245;b3S;;I;2;RIO DE JANEIRO;RJ;09/2000;721;379;323;303;398;12;0;0
CCR SANTO ANTONIO DO AMPARO LTDA;1917605;b3S;;I;2;SANTO ANTONIO DO AMPARO;MG;09/2000;720;1.215;1.014;835;-294;-307;0;1
CECMS DO MIN DA ECONOMIA,FAZENDA E PLANEJAMENTO NO PARA LTDA;83206599;b3S;;I;2;BELEM;PA;09/2000;716;738;534;253;182;2;0;0
UNICRED PIAUI-CECM DOS MEDICOS DA REGIAO CENTRO-SUL DO PI LT;3128973;b3S;;I;2;TERESINA;PI;09/2000;711;390;711;597;1;-17;0;1
CCR AGROPECUARISTAS DE GOIANIA LTDA.;3730508;b3S;;I;2;GOIANIA;GO;09/2000;710;232;619;592;91;-18;0;0
CECM. DOS SERVIDORES MUNICIPAIS DE VITORIA DA CONQUISTA LTDA;2528151;b3S;;I;2;VITORIA DA CONQUISTA;BA;09/2000;703;500;363;351;340;13;0;0
CECMF DA FELTRIN S.A., LTDA;96606074;b3S;;I;2;NOVA ODESSA;SP;09/2000;703;596;237;227;466;14;0;0
CCE DA MONSANTO;59133793;b3S;;I;2;SAO PAULO;SP;09/2000;702;567;15;0;687;16;0;0
NOVO NORTE CORRETORA DE CAMBIO LTDA;61802955;n2;;I;2;SAO PAULO;SP;09/2000;701;0;160;0;542;25;1;0
COOPERATIVA DE ECONOMIA E CRÉDITO MÚTUO DOS EMPREGADOS DAS EMPRESAS MINERADORAS DO MUNICÍPIO DE TAPIRA LTDA.;20027942;b3S;;I;2;ARAXA;MG;09/2000;701;430;372;340;330;3;0;1
COOPERATIVA DE CREDITO RURAL DO VALE DO ITANHEM LTDA.;2057576;b3S;;I;2;ITANHEM;BA;09/2000;694;590;426;394;268;17;0;0
CECMM E DEMAIS PROF AREA SAUDE BEBEDOURO REGIAO-UNICRED;2250781;b3S;;I;2;BEBEDOURO;SP;09/2000;693;202;612;604;81;1;0;0
COOPERATIVA DE ECONOMIA E CREDITO MUTUO DOS EMPREGADOS DA FABRIMAR S.A. INDUSTRIA E COMERCIO LTDA;42240382;b3S;;I;2;RIO DE JANEIRO;RJ;09/2000;692;505;34;0;658;38;0;0
CCR DO OESTE POTIGUAR;998115;b3S;;I;2;ITAU;RN;09/2000;689;467;647;279;41;-65;0;0
CECMF SPIRAX SARCO INDUSTRIA E COMERCIO;62781158;b3S;;I;2;COTIA;SP;09/2000;686;437;12;0;674;33;0;0
CECMS DA ASCAR/EMATER-RS LTDA;90278987;b3S;;I;2;PORTO ALEGRE;RS;09/2000;684;549;68;0;616;19;0;0
CECME DA ALCALIS LTDA;28850485;b3S;;I;2;ARRAIAL DO CABO;RJ;09/2000;683;504;62;15;621;10;0;0
CAROL DISTRIBUIDORA DE TITULOS E VALORES MOBILIARIOS LTDA.;62237649;n2;;I;2;SAO PAULO;SP;09/2000;682;0;134;0;549;-47;1;0
CCMF DO SEBRAE DA PARAIBA LTDA;41219353;b3S;;I;2;JOAO PESSOA;PB;09/2000;679;405;181;1;498;31;0;0
CCME DA CIA ESTADUAL DE ENERGIA ELETRICA LTDA;92825397;b3S;;I;2;PORTO ALEGRE;RS;09/2000;676;848;79;0;598;-83;0;0
CCR MEDEIROS LTDA;66284134;b3S;;I;2;MEDEIROS;MG;09/2000;667;665;347;298;320;26;0;0
CECM COMERCIANTES MATERIAIS CONSTRUCAO DE LAVRAS LTDA.;1702131;b3S;;I;2;LAVRAS;MG;09/2000;664;701;748;745;-83;-13;0;0
CECME DAS INDUSTRIAS GESSY LEVER;53272365;b3S;;I;2;VALINHOS;SP;09/2000;661;540;67;0;595;1;0;0
POLINVEST CORRETORA DE CAMBIO, TIT. E VAL. MOBILIARIOS LTDA;52915386;n2;;I;2;SANTOS;SP;09/2000;661;0;130;0;531;30;2;0
CECME CIA INDUSTRIAL CATAGUASES LTDA.;19495266;b3S;;I;2;CATAGUASES;MG;09/2000;656;361;40;0;616;22;0;0
CAIXA FORTE S/A. - CREDITO IMOBILIARIO;10336733;n1;;I;2;TERESINA;PI;09/2000;655;0;472;146;183;-19;1;0
CECM DOS FUNCIONARIOS DO GRUPO VONPAR LTDA;89523518;b3S;;I;2;PORTO ALEGRE;RS;09/2000;653;363;68;0;585;21;0;0
EUROINVEST S/A CORRETORA DE CAMBIO,TITS.E VALS.MOBILIARIOS;34190991;n2;;I;2;RIO DE JANEIRO;RJ;09/2000;652;0;5;0;646;-13;2;0
CCME DA CORNING BRASIL;47858162;b3S;;I;2;SUZANO;SP;09/2000;651;492;23;0;628;12;0;0
CECMS DA CAMARA MUNICIPAL DE BELEM LTDA;991739;b3S;;I;2;BELEM;PA;09/2000;648;438;39;0;609;32;0;0
COOPERATIVA DE ECONOMIA E CRÉDITO MÚTUO DOS FUNCIONÁRIOS DO GRUPO COMOLATTI - SÃO PAULO;47196084;b3S;;I;2;SAO PAULO;SP;09/2000;647;327;90;0;557;14;0;0
CCF DA ACOS VILLARES - USINA ANHANGUERA;52575206;b3S;;I;2;MOGI DAS CRUZES;SP;09/2000;644;544;17;0;627;28;0;0
CCR DO ALTO OESTE;35295609;b3S;;I;2;PAU DOS FERROS;RN;09/2000;643;557;535;216;108;-92;0;3
BRITCO DISTRIBUIDORA DE TITULOS E VALORES MOBILIARIOS LTDA.;1004925;n2;;I;2;SAO PAULO;SP;09/2000;643;0;86;0;556;-12;1;0
COOPERATIVA DE ECONOMIA E CREDITO MUTUO DOS REPRESENTANTES COMERCIAIS AUTONOMOS DE ROUPAS, TECIDOS E ARTIGOS DE VESTUARIOS DO RIO DE JANEIRO LTDA.;1670206;b3S;;I;2;RIO DE JANEIRO;RJ;09/2000;642;365;478;448;164;-22;0;0
COLUNA DISTRIBUIDORA DE TITULOS E VALORES MOBILIARIOS LTDA.;460065;n2;;I;2;RIO DE JANEIRO;RJ;09/2000;640;0;107;0;534;11;1;0
DECYSEO CORRETORA DE CAMBIO LTDA;94968518;n2;;I;2;PORTO ALEGRE;RS;09/2000;636;0;400;32;236;13;1;0
BH-DISTRIBUIDORA DE TITULOS E VALORES MOBILIARIOS LTDA;71289359;n2;;I;2;BELO HORIZONTE;MG;09/2000;634;0;262;2;372;-36;1;0
CECM DOS METROVIARIOS DO RIO DE JANEIRO LTDA - COMERJ;28793354;b3S;;I;2;RIO DE JANEIRO;RJ;09/2000;633;127;100;27;533;-7;0;0
CECM ITARARE LTDA;29460649;b3S;;I;2;RIO DE JANEIRO;RJ;09/2000;628;386;193;0;435;8;0;0
CECMAM DO VALE DO RIBEIRA - ALCRED DO VALE DO RIBEIRA;3082697;b3S;;I;2;REGISTRO;SP;09/2000;628;465;648;639;-20;-4;0;0
CCF DO GRUPO TERMOMECANICA COOPERTERMO;2495863;b3S;;I;2;SAO BERNARDO DO CAMPO;SP;09/2000;625;561;544;542;80;3;0;0
CECMS MUNICIPAIS PREFEITURA BELO HORIZONTE LTDA.;1864151;b3S;;I;2;BELO HORIZONTE;MG;09/2000;622;412;473;445;149;-36;0;0
CECM COMERCIANTES VEIC.PCAS.ACESS.VEIC.POA REG METROP.LTDA;3653959;b3S;;I;2;PORTO ALEGRE;RS;09/2000;621;557;557;535;64;2;0;0
CECM COMERCIANTES CONFECCOES VESTUARIO VARGINHA LTDA.;1128703;b3S;;I;2;VARGINHA;MG;09/2000;618;579;919;876;-301;-58;0;1
CECM JOHN F. KENNEDY LTDA;33735192;b3S;;I;2;RIO DE JANEIRO;RJ;09/2000;616;541;145;97;471;24;0;0
CECMF COAPERIODOCE E CREDIRIODOCE LTDA.;22649461;b3S;;I;2;GOVERNADOR VALADARES;MG;09/2000;616;541;341;326;274;4;0;0
AGK CORRETORA DE CAMBIO LTDA;250699;n2;;I;2;SAO PAULO;SP;09/2000;615;0;234;0;382;10;1;0
CECMT DA FEIS-UNESP;96409263;b3S;;I;2;ILHA SOLTEIRA;SP;09/2000;615;601;16;0;598;26;0;0
CECMF DA FCAV CAMPUS DE JABOTICABAL - COOPERFAC;57259525;b3S;;I;2;JABOTICABAL;SP;09/2000;610;567;25;21;585;8;0;0
CCME DAS IND.TEXTEIS E DO VESTUARIO DA REG.DE BLUMENAU LTDA.;3461243;b3S;;I;2;BLUMENAU;SC;09/2000;608;402;444;429;165;-2;0;1
ROTULA S/A SOCIEDADE DE CREDITO AO MICROEMPREENDEDOR;3456984;n1;;I;2;LEOPOLDINA;MG;09/2000;608;464;6;0;602;14;1;0
CECMS SEBRAE- MG LTDA.;1569522;b3S;;I;2;BELO HORIZONTE;MG;09/2000;606;247;78;0;528;-9;0;0
CECMF BRAZACO-MAPRI;45068632;b3S;;I;2;SAO PAULO;SP;09/2000;602;487;139;44;463;21;0;0
CECME DO GRUPO ALCOA EM PERNAMBUCO;8931800;b3S;;I;2;ITAPISSUMA;PE;09/2000;601;480;76;0;526;22;0;0
COOPERATIVA DE CREDITO RURAL GANDU LTDA;2876918;b3S;;I;2;GANDU;BA;09/2000;600;506;386;359;215;32;0;0
CECMF DA REDE GAZETA LTDA - CREDIGAZETA;31785934;b3S;;I;2;VITORIA;ES;09/2000;598;304;337;280;260;-5;0;0
CECMF COMIGO LTDA.;1062439;b3S;;I;2;RIO VERDE;GO;09/2000;597;570;50;15;547;35;0;0
CECM COMERC.CONF.VESTUARIO REGIAO PONTAL TRIANGULO LTDA;2869221;b3S;;I;2;ITUIUTABA;MG;09/2000;596;478;476;445;120;4;0;0
CECMS DO PODER LEGISLATIVO FEDERAL - LEGISCRED;3329154;b3S;;I;2;BRASILIA;DF;09/2000;595;544;563;555;32;-21;0;0
ERG DISTRIBUIDORA DE TITULOS E VALORES MOBILIARIOS LTDA;39905708;n2;;I;2;RIO DE JANEIRO;RJ;09/2000;595;0;40;0;555;-38;1;0
CECM DOS COMERC DE ARTIGOS DO VEST EM GERAL DE ITABUNA LTDA;3128374;b3S;;I;2;ITABUNA;BA;09/2000;594;496;544;533;50;-46;0;0
CECMF DA SALUTARIS E COLIGADAS LTDA - SALUCRED;68721273;b3S;;I;2;PARAIBA DO SUL;RJ;09/2000;594;197;41;7;552;23;0;0
INTERFLOAT HZ DISTRIBUIDORA DE TIT E VAL MOBILIARIOS LTDA;4020986;n2;;I;2;SAO PAULO;SP;09/2000;590;0;7;0;583;33;1;0
J. ALVES CORRETORA DE CAMBIO LTDA;69078350;n2;;I;2;SAO PAULO;SP;09/2000;586;0;36;0;551;11;1;0
CECMS MUNICIPAIS POCOS DE CALDAS LTDA.;41791005;b3S;;I;2;POCOS DE CALDAS;MG;09/2000;585;323;710;638;-125;-83;0;1
LLA - DISTRIBUIDORA DE TITULOS E VALORES MOBILIARIOS LTDA;67600379;n2;;I;2;SAO PAULO;SP;09/2000;584;0;110;0;473;53;1;0
CECMS DO PODER JUDICIARIO FED E MIN PUBL DA UNIAO NO EST MT;2234924;b3S;;I;2;CUIABA;MT;09/2000;583;500;388;365;194;7;0;0
CECMF DA ELGIN;45045671;b3S;;I;2;MOGI DAS CRUZES;SP;09/2000;581;403;99;0;482;34;0;0
CECMF DO GRUPO LORENZETTI;44905255;b3S;;I;2;SAO PAULO;SP;09/2000;580;261;26;0;553;14;0;0
COOPERATIVA DE CREDITO RURAL JUAZEIRO LTDA.;2892637;b3S;;I;2;JUAZEIRO;BA;09/2000;579;385;523;513;56;7;0;0
CECM DOS FUNCIONARIOS DOS CORREIOS NO ESTADO DO RS LTDA.;87956355;b3S;;I;2;PORTO ALEGRE;RS;09/2000;575;232;34;0;541;44;0;0
CECMF DA SELENE;72952138;b3S;;I;2;CERQUILHO;SP;09/2000;575;244;56;0;519;29;0;0
DIVESP DISTRIBUIDORA DE TIT E VAL MOB DO EST DE S PAULO S/A;46375853;n2;;I;2;SAO PAULO;SP;09/2000;574;0;158;0;416;-19;1;0
CREDMISTRA - CECMS DEL REGIONAL TRABALHO NO ESTADO DO PARA;83329979;b3S;;I;2;BELEM;PA;09/2000;574;399;6;0;568;15;0;0
MAMORE MULTIBROKER DIST DE TIT E VAL MOBILIARIOS S.A;997185;n2;;I;2;SAO PAULO;SP;09/2000;571;0;2;0;569;19;1;0
CECMT EST ENS PRIV EDUC INF 1,2,3 GRAU PRE VEST DE BH LTDA.;2332514;b3S;;I;2;BELO HORIZONTE;MG;09/2000;568;480;349;341;220;9;0;0
CECMF DA CIMENTO ITAU DO PARANA E PORTLAND RIO BRANCO LTDA;75174953;b3S;;I;2;RIO BRANCO DO SUL;PR;09/2000;568;306;9;0;559;6;0;0
CECME DA ELETRONORTE LTDA - ELETROCRED;1042487;b3S;;I;2;BELEM;PA;09/2000;566;329;215;203;351;16;0;0
CECMF DA MARCHESAN LTDA;53505681;b3S;;I;2;MATAO;SP;09/2000;563;68;0;0;563;-46;0;0
CECME DA ALCOA ALUMINIO S.A. E EMPR SUBSID NO EST MG LTDA;18625152;b3S;;I;2;POCOS DE CALDAS;MG;09/2000;563;397;85;0;477;20;0;1
ACTION CORRETORA DE CAMBIO SA;92856905;n2;;I;2;SAO PAULO;SP;09/2000;562;0;86;0;476;-53;1;0
CECM COMERCIANTES FORMIGA LTDA.;66463407;b3S;;I;2;FORMIGA;MG;09/2000;561;421;450;441;111;11;0;0
CC DOS POLICIAIS FEDERAIS NO CEARA - FEDERALCRED;3620772;b3S;;I;2;FORTALEZA;CE;09/2000;557;339;407;400;150;13;0;0
CCMF DA USINA SANTA CRUZ - COPACRED;3480988;b3S;;I;2;AMERICO BRASILIENSE;SP;09/2000;554;544;479;477;75;7;0;0
CECMS CAMARAS DIRIG.LOJISTAS REG.METROPOLITANA BH;1864154;b3S;;I;2;BELO HORIZONTE;MG;09/2000;552;392;325;303;226;20;0;0
CECMS DA CNC/SESC/SENAC NACIONAIS LTDA;30304919;b3S;;I;2;RIO DE JANEIRO;RJ;09/2000;550;450;62;29;487;29;0;0
CECME DA COEMSA, LTDA;88043187;b3S;;I;2;CANOAS;RS;09/2000;549;398;13;0;536;17;0;0
CECMS MUNICIPAIS PARA DE MINAS LTDA.;3244611;b3S;;I;2;PARA DE MINAS;MG;09/2000;547;451;446;419;102;22;0;0
PENTAGONO S/A DISTRIBUIDORA DE TITULOS E VALORES MOBILIARIOS;17343682;n2;;I;2;RIO DE JANEIRO;RJ;09/2000;542;0;129;0;413;102;1;0
CECM DOS COLABORADORES DA CEBRACE UNIDADE DE CACAPAVA;2947404;b3S;;I;2;CACAPAVA;SP;09/2000;538;534;45;0;493;15;0;0
CECME COOP. CENTRAL PRODUTORES RURAIS MG LTDA- CREDITAMBE;3172283;b3S;;I;2;BELO HORIZONTE;MG;09/2000;537;333;463;451;74;8;0;1
CCR DOS PLANTADORES DE CANA REGIAO DE PORTO FELIZ CREDIPORTO;50334234;b3S;;I;2;PORTO FELIZ;SP;09/2000;536;399;58;0;478;-22;0;0
SWAP SOCIEDADE CORRETORA DE CAMBIO LTDA.;73315335;n2;;I;2;RIO DE JANEIRO;RJ;09/2000;536;0;223;0;313;42;1;0
CCRIS DE CAPANEMA DE RESPONSAB LTDA - CRESOL CAPANEMA;1201006;b3S;;I;2;CAPANEMA;PR;09/2000;534;416;426;413;108;9;0;1
CCMF DA COROL LTDA;81704744;b3S;;I;2;ROLANDIA;PR;09/2000;532;504;38;0;494;16;0;0
CECM MEDICOS E DEMAIS PROF. DA SAUDE DO VALE DO JACUI LTDA;2093690;b3S;;I;2;SAO JERONIMO;RS;09/2000;532;430;325;314;207;13;0;0
CECMS DA PREFEITURA MUNICIPAL DE ORLANDIA - CRED SERV;946465;b3S;;I;2;ORLANDIA;SP;09/2000;532;431;49;0;483;16;0;0
CECMF DA NGK;57687899;b3S;;I;2;MOGI DAS CRUZES;SP;09/2000;531;259;20;0;511;8;0;0
CECMC DA PONTIFICIA UNIVERSIDADE CATOLICA DO R. JANEIRO LTDA;42445122;b3S;;I;2;RIO DE JANEIRO;RJ;09/2000;530;317;84;26;446;7;0;0
MEGA'CRED DISTRIBUIDORA DE TITULOS E VALORES MOBILIARIOS LTD;86911302;n2;;I;2;CURITIBA;PR;09/2000;530;0;91;0;439;-126;2;0
CECME EM GRUPO BUAIZ LTDA;28150068;b3S;;I;2;VITORIA;ES;09/2000;526;291;331;306;195;1;0;1
CECMF DA UNIMED DE MANAUS LTDA;34503581;b3S;;I;2;MANAUS;AM;09/2000;526;220;0;0;526;20;0;0
COOPERATIVA DE ECONOMIA E CREDITO MUTUO DOS EMPREGADOS DA REFINARIA PIEDADE E COPERSUCAR LTDA;33370172;b3S;;I;2;RIO DE JANEIRO;RJ;09/2000;525;267;170;0;355;3;0;0
PARMETAL DISTRIBUIDORA DE TITULOS E VALORES MOBILIARIOS LTDA;20155248;n2;;I;2;OSASCO;SP;09/2000;524;0;92;0;432;58;1;0
PORTUS SECURITY DISTRIBUIDORA DE TIT.E VAL. MOBILIARIOS LTDA;2678955;n2;;I;2;RIO DE JANEIRO;RJ;09/2000;522;0;45;0;476;-53;1;0
CECME HELIBRAS LTDA.;41790809;b3S;;I;2;ITAJUBA;MG;09/2000;518;449;259;0;259;17;0;0
CECM MEDICOS DEMAIS PROF.NIVEL SUP. SAUDE MONTES CLAROS LTDA;3749897;b3S;;I;2;MONTES CLAROS;MG;09/2000;516;315;508;480;7;-23;0;0
CCRIS DE LARANJEIRAS DO SUL RESP. LTDA - CRESOL LARANJEIRAS;1086342;b3S;;I;2;LARANJEIRAS DO SUL;PR;09/2000;515;403;400;355;115;-34;0;1
CCS PUBLICOS ESTADUAIS DO MUNICIPIO DE SP E MUN LIMITROFES;2750363;b3S;;I;2;SAO PAULO;SP;09/2000;514;500;335;319;179;0;0;0
CCR URUBICI - CREDIARAUCARIA;2587492;b3S;;I;2;URUBICI;SC;09/2000;510;406;407;389;103;5;0;0
LOPEZ LEON BROKERS BRASIL DTVM LTDA.;414464;n2;;I;2;SAO PAULO;SP;09/2000;510;0;41;0;468;45;1;0
COOPERATIVA DE ECONOMIA E CRÉDITO MÚTUO DOS EMPREGADOS DA SUPERINTENDÊNCIA REGIONAL DE BELÉM DA COMPANHIA DE PESQUISA DE RECURSOS MINERAIS LTDA - COOPCPRM;83327486;b3S;;I;2;BELEM;PA;09/2000;507;433;126;121;381;15;0;0
PATACAO DISTRIBUIDORA DE TITULOS E VALORES MOBILIARIOS LTDA;59615005;n2;;I;2;SOROCABA;SP;09/2000;507;0;72;0;435;-3;1;0
CCR DA REGIAO DE CASA BRANCA;59869792;b3S;;I;2;CASA BRANCA;SP;09/2000;506;323;443;435;63;-2;0;0
CECMF DA USINA SAO MARTINHO - USICRED;2562412;b3S;;I;2;PRADOPOLIS;SP;09/2000;505;405;33;0;472;14;0;0
NUMBER ONE SOCIEDADE CORRETORA DE CAMBIO LTDA.;68742204;n2;;I;2;RIO DE JANEIRO;RJ;09/2000;504;0;226;0;278;-6;2;0
RENOVA CORRETORA DE CAMBIO LTDA;72760713;n2;;I;2;SAO PAULO;SP;09/2000;503;0;113;0;390;-15;2;0
COOPRINCESA - CECMF DO EXPRESSO PRINCESA DOS CAMPOS;1551820;b3S;;I;2;PONTA GROSSA;PR;09/2000;502;366;59;1;443;30;0;0
NGO-ASSOCIADOS CORRETORA DE CAMBIO LTDA.;65635377;n2;;I;2;SAO PAULO;SP;09/2000;500;0;129;0;371;42;1;0
CECM COMERCIANTES CONFECCOES MARTINHO CAMPOS LTDA.;2307567;b3S;;I;2;MARTINHO CAMPOS;MG;09/2000;499;367;414;398;84;9;0;0
G.A.C. DISTRIBUIDORA DE TITULOS E VALORES MOBILIARIOS LTDA;64414832;n2;;I;2;BELO HORIZONTE;MG;09/2000;490;0;57;0;432;11;1;0
AGENTE BR SOCIEDADE CORRETORA DE CAMBIO LTDA;66595083;n2;;I;2;SAO PAULO;SP;09/2000;488;0;43;0;445;55;1;0
B & T ASSOCIADOS CORRETORA DE CAMBIO LTDA.;73622748;n2;;I;2;RIO DE JANEIRO;RJ;09/2000;488;0;70;0;418;273;2;0
CECME DA VALESUL ALUMINIO LTDA;28044345;b3S;;I;2;RIO DE JANEIRO;RJ;09/2000;488;256;96;72;391;9;0;0
TREVISO CORRETORA DE CAMBIO LTDA;2992317;n2;;I;2;SAO PAULO;SP;09/2000;487;0;85;0;402;63;1;0
CECME BECTON,DICKINSON INDUSTRIAS CIRURGICAS LTDA.;21597133;b3S;;I;2;JUIZ DE FORA;MG;09/2000;484;332;43;0;441;20;0;0
CECMS DA SECRETARIA DE SAUDE DO D.F. LTDA;1667861;b3S;;I;2;BRASILIA;DF;09/2000;484;731;142;100;342;11;0;0
CECMF DA GUARDA MUNICIPAL DO RIO DE JANEIRO LTDA.;729801;b3S;;I;2;RIO DE JANEIRO;RJ;09/2000;483;160;184;132;300;-85;0;0
CCR DA REGIAO LESTE PAULISTA E SUL DE MINAS;53002010;b3S;;I;2;MOCOCA;SP;09/2000;477;509;1.106;911;-629;-12;0;1
COOPERATIVA DE ECONOMIA E CRÉDITO MÚTUO DOS ADVOGADOS EM SÃO PAULO;73039570;b3S;;I;2;SAO PAULO;SP;09/2000;477;392;81;43;396;-185;0;0
CECM COMERCIANTES CONFECCOES ARAGUARI LTDA;3320525;b3S;;I;2;ARAGUARI;MG;09/2000;476;327;416;401;60;8;0;0
CCRIS DE MARMELEIRO DE RESP. LTD - CRESOL MARMELEIRO;971297;b3S;;I;2;MARMELEIRO;PR;09/2000;470;307;360;345;110;-3;0;1
COOPERATIVA DE CRÉDITO RURAL DA REGIÃO DE OURO PRETO DO OESTE  - OUROCREDI;2144899;b3S;;I;2;OURO PRETO DO OESTE;RO;09/2000;470;238;386;359;84;-51;0;4
EBADIVAL - E. BAGGIO DISTRIB. DE TITS. E VALS. MOBS. LTDA;89784367;n2;;I;2;CURITIBA;PR;09/2000;468;0;125;0;342;-13;1;0
CECM EMPREGADOS DA METALAC;65594772;b3S;;I;2;SOROCABA;SP;09/2000;465;332;37;0;429;19;0;0
CECMF DA BLINDEX VIDROS DE SEGURANCA-COOPER BLINDEX;2104058;b3S;;I;2;SAO PAULO;SP;09/2000;465;444;7;0;458;16;0;0
CECMF DA VIACAO NOSSA SENHORA DO AMPARO;2192115;b3S;;I;2;MARICA;RJ;09/2000;465;275;80;26;386;21;0;0
CECMS UNIVERSIDADE FEDERAL DA PARAIBA LTDA - CREDISERV;70106869;b3S;;I;2;JOAO PESSOA;PB;09/2000;465;395;76;44;388;21;0;0
CECM COMERCIANTES CONFECCOES POCOS DE CALDAS LTDA.;86423506;b3S;;I;2;POCOS DE CALDAS;MG;09/2000;464;393;331;306;133;34;0;0
CECMF DO GRUPO AVIBRAS;43268960;b3S;;I;2;JACAREI;SP;09/2000;463;121;65;0;398;-2;0;0
CECMS DO MINISTERIO DO PLANEJAMENTO E ORCAMENTO;2674113;b3S;;I;2;BRASILIA;DF;09/2000;459;385;100;83;360;8;0;1
COOPERATIVA DE ECONOMIA E CRÉDITO MÚTUO DOS SERVIDORES DA FUNDAÇÃO JOÃO PINHEIRO LTDA.;1413121;b3S;;I;2;BELO HORIZONTE;MG;09/2000;456;384;271;258;186;9;0;0
FOURTRADE CORRETORA DE CAMBIO LTDA;40353377;n2;;I;2;RIO DE JANEIRO;RJ;09/2000;456;0;129;0;327;7;2;0
COOPERATIVA DE CREDITO RURAL DE TAMBAU;3442542;b3S;;I;2;TAMBAU;SP;09/2000;455;301;448;438;8;20;0;0
CENTRAL DAS COOPERATIVAS DE CREDITO MUTUO DO RGS;3618104;b3C;;I;2;PORTO ALEGRE;RS;09/2000;455;30;5;0;450;8;0;0
DAYCOVAL DISTRIBUIDORA DE TITULOS VALORES MOBILIARIOS LTDA;72027832;n2;;I;2;SAO PAULO;SP;09/2000;453;0;7;0;447;7;1;0
CCMM DE JUNDIAI E REGIAO - COOPCREM;69321644;b3S;;I;2;JUNDIAI;SP;09/2000;449;140;9;0;440;8;0;0
OBOE DISTRIBUIDORA DE TITULOS E VALORES MOBILIARIOS S.A.;1581283;n2;;I;2;FORTALEZA;CE;09/2000;448;0;25;0;424;0;1;0
SCHRODER-MONTEIRO ARANHA DISTRIBUIDORA DE TIT E VAL MOB S/A;92886662;n2;;I;2;RIO DE JANEIRO;RJ;09/2000;447;0;39;0;407;-10;1;0
CCRIS DE DOIS VIZINHOS - CRESOL DOIS VIZINHOS;971300;b3S;;I;2;DOIS VIZINHOS;PR;09/2000;446;263;338;306;109;6;0;0
DIDIER CORRETORA DE CAMBIO LTDA;52937216;n2;;I;2;SAO PAULO;SP;09/2000;441;0;82;0;359;8;1;0
CECM GERMER LTDA;82133182;b3S;;I;2;TIMBO;SC;09/2000;438;283;361;332;77;-3;0;0
CECMS DA FUNDACAO UNIVERSIDADE FEDERAL DE MATO GROSSO;2894268;b3S;;I;2;CUIABA;MT;09/2000;430;424;361;329;69;10;0;0
CECME DA JOLIMODE ROUPAS LTDA;28244622;b3S;;I;2;RIO DE JANEIRO;RJ;09/2000;429;270;76;0;353;-30;0;0
OMNI DISTRIBUIDORA DE TITULOS E VALORES MOBILIARIOS LTDA.;997804;n2;;I;2;SAO PAULO;SP;09/2000;426;0;0;0;426;2;1;0
CECMC UNIAO BRASILEIRA EDUCACAO ENSINO LTDA.;2588819;b3S;;I;2;BELO HORIZONTE;MG;09/2000;424;328;145;40;279;1;0;0
INVESTMONEY DISTRIBUIDORA DE TITULOS E VALORES MOBILS. LTDA;329598;n2;;I;2;SAO PAULO;SP;09/2000;423;0;6;0;417;2;1;0
CECMF DO SISTEMA FIEMT;1754358;b3S;;I;2;CUIABA;MT;09/2000;423;256;226;219;197;25;0;0
CECME DAS EMP.DE PRESTACAO DE SERV.DE SEGURANCA DO ES. LTDA;1123681;b3S;;I;2;VITORIA;ES;09/2000;421;304;298;277;123;2;0;0
CECM COMERCIANTES CONFECCOES VESTUARIO DORES INDAIA LTDA;2254376;b3S;;I;2;DORES DO INDAIA;MG;09/2000;419;406;315;292;104;16;0;0
ESCRITORIO LEVY - CORRETORA DE CAMBIO S.A.;61736120;n2;;I;2;SAO PAULO;SP;09/2000;418;0;14;0;404;153;1;0
CECME DA EMATER PARA LTDA;34600668;b3S;;I;2;MARITUBA;PA;09/2000;415;375;27;0;389;26;0;0
MOMENTO DISTRIBUIDORA DE TITULOS E VALORES MOBILIARIOS LTDA;97447304;n2;;I;2;RIO DE JANEIRO;RJ;09/2000;413;0;29;0;384;6;1;0
BANTRIAL - CORRETORA DE TITULOS E VALORES MOBILIARIOS LTDA;11031473;n2;;I;2;RECIFE;PE;09/2000;412;0;0;0;412;0;1;0
CCR DOS FORNECEDORES DE CANA DA PARAIBA LTDA;9381542;b3S;;I;2;JOAO PESSOA;PB;09/2000;411;85;86;0;325;-29;0;0
CCRIS DE CORONEL VIVIDA - CRESOL CORONEL VIVIDA;2446089;b3S;;I;2;CORONEL VIVIDA;PR;09/2000;410;101;299;112;111;14;0;0
DUBEUX - CORRETORA DE CAMBIO, TITULOS E VALORES MOB LTDA;10987659;n2;;I;2;RECIFE;PE;09/2000;408;0;26;0;382;0;1;0
CECMF DA COESA TRANSPORTES E EMPRESAS COLIGADAS LTDA-COOPESA;68848563;b3S;;I;2;SAO GONCALO;RJ;09/2000;405;142;73;14;331;3;0;0
ICARO CORRETORA DE CAMBIO LTDA;72556996;n2;;I;2;CURITIBA;PR;09/2000;405;0;21;0;383;-6;1;0
CCM DOS PROFISSIONAIS DA SAUDE DE CURITIBA;2988257;b3S;;I;2;CURITIBA;PR;09/2000;403;410;456;441;-54;-138;0;0
CECMS DO MUSEU PARAENSE EMILIO GOELDI LTDA;83316810;b3S;;I;2;BELEM;PA;09/2000;402;203;21;6;381;-2;0;0
CECMF DA VAN LEER;46132783;b3S;;I;2;SAO PAULO;SP;09/2000;399;179;32;0;366;17;0;0
INVESTNORTE - CORRETORA DE VALORES MOBILIARIOS E CAMBIO LTDA;9493503;n2;;I;2;RECIFE;PE;09/2000;398;0;5;0;393;0;1;0
COOPERATIVA DE CRÉDITO MÚTUO DOS COMERCIANTES DE ARMARINHO DE BRASILIA - CREDICAB;3189349;b3S;;I;2;BRASILIA;DF;09/2000;397;268;398;351;-1;-66;0;0
COOPERATIVA DE CREDITO RURAL DA BAIXADA CUIABANA;3736906;b3S;;I;2;CUIABA;MT;09/2000;393;375;347;347;46;3;0;0
SEVAG - CORRETORA DE VALORES LTDA;10974921;n2;;I;2;RECIFE;PE;09/2000;392;0;6;0;386;0;1;0
CCR DO SUL DO PARA;2685487;b3S;;I;2;SAO FELIX DO XINGU;PA;09/2000;392;143;250;30;142;1;0;0
TLACH CORRETORA DE CAMBIO LTDA.;35028018;n2;;I;2;SANTO ANDRE;SP;09/2000;390;0;43;0;347;2;1;0
CECMF DE INST.FINANCEIRAS PUBL.NO ESTADO DO ES-CREDBRASIL-ES;2869663;b3S;;I;2;VITORIA;ES;09/2000;387;349;290;281;97;9;0;0
CECM DOS CIRURGIOES DENTISTAS DE CUIABA;3044185;b3S;;I;2;CUIABA;MT;09/2000;386;330;316;303;70;3;0;0
CECMS DO INSS NA PARAIBA - COOPREV LTDA;1825968;b3S;;I;2;JOAO PESSOA;PB;09/2000;386;333;145;113;241;16;0;0
CECMT ALLIEDSIGNAL;46037073;b3S;;I;2;SOROCABA;SP;09/2000;385;236;40;0;345;15;0;0
CECME EMPRESAS MINERADORAS MUNICIPIO DE ARAXA LTDA.;20027231;b3S;;I;2;ARAXA;MG;09/2000;384;229;27;17;357;11;0;0
CECMF DO RAPIDO LUXO CAMPINAS LTDA.;2312896;b3S;;I;2;VALINHOS;SP;09/2000;384;128;5;0;379;17;0;0
CECME DAS CENTRAIS ELETRICAS DO PARA LTDA. - COECELPA;1120042;b3S;;I;2;BELEM;PA;09/2000;383;200;50;18;333;-3;0;0
UNICRED SOBRAL CECM MEDICOS E PROF. SAUDE REGIAO SOBRAL LTDA;86913977;b3S;;I;2;SOBRAL;CE;09/2000;382;321;241;195;141;2;0;1
CECMF DA EMDURB - BAURU - COOPEMDURB;2191265;b3S;;I;2;BAURU;SP;09/2000;377;286;71;29;306;22;0;0
CECME DA CHRIS CINTOS DE SEGURANCA;1815069;b3S;;I;2;SAO PAULO;SP;09/2000;376;303;36;5;339;14;0;0
CECME DA EXPRESSO SAO JORGE LTDA;14383673;b3S;;I;2;ITABUNA;BA;09/2000;375;304;120;0;256;17;0;0
GRACO CORRETORA DE CAMBIO S.A.;65982589;n2;;I;2;SAO PAULO;SP;09/2000;375;0;85;0;290;1;1;0
CARAVELLO S.A - CORRETORA DE CAMBIO;3136334;n2;;I;2;RIO DE JANEIRO;RJ;09/2000;375;0;40;0;335;26;1;0
CECMS DA UNIVERSIDADE ESTADUAL DE CAMPINAS - COOPERUNICAMP;2285107;b3S;;I;2;CAMPINAS;SP;09/2000;374;307;33;0;341;10;0;0
ACAO S/A CORRETORA DE VALORES E CAMBIO;33819590;n2;;I;2;RIO DE JANEIRO;RJ;09/2000;373;0;304;0;69;-549;1;0
CECMS DO CENTRO FEDER.EDUCACAO TECNOLOG.CAMPOS-COOCEFETCAM;2931668;b3S;;I;2;CAMPOS DOS GOYTACAZES;RJ;09/2000;372;231;141;126;231;7;0;0
CECME DA FORNASA S/A E TUBONAL TUBOS DE ACO LTDA - CREDIFOR;27629740;b3S;;I;2;VOLTA REDONDA;RJ;09/2000;371;228;30;8;341;17;0;0
AVIPAM CORRETORA DE CAMBIO LTDA.;3443143;n2;;I;2;RIO DE JANEIRO;RJ;09/2000;371;0;0;0;371;71;1;0
CECME DA CIA VIDRARIA SANTA MARINA-MAUA;48140925;b3S;;I;2;MAUA;SP;09/2000;364;312;52;0;312;18;0;0
COOPERATIVA DE ECONOMIA E CRÉDITO MÚTUO DOS COMERCIANTES DE CONFECÇÕES DE CAMPOS GERAIS LTDA;1715446;b3S;;I;2;CAMPOS GERAIS;MG;09/2000;363;290;313;298;51;9;0;0
CCR DE ALTO ALEGRE DOS PARECIS;2194468;b3S;;I;2;ALTO ALEGRE DOS PARECIS;RO;09/2000;363;147;291;284;72;61;0;0
KRAUS - SOCIEDADE CORRETORA DE CAMBIO LTDA;34266668;n2;;I;2;RIO DE JANEIRO;RJ;09/2000;361;0;83;0;278;-52;1;0
CECM MEDICOS E DEMAIS PROFISSIONAIS SAUDE AQUIDAUANA-MS LTDA;1828555;b3S;;I;2;AQUIDAUANA;MS;09/2000;357;240;250;238;108;-21;0;0
MACRO - CORRETORA DE CAMBIO E TITULOS MOBILIARIOS LTDA;15219389;n2;;I;2;SALVADOR;BA;09/2000;357;0;71;0;286;32;1;0
CCR DE BOM JARDIM LTDA;58338;b3S;;I;2;BOM JARDIM;RJ;09/2000;357;127;266;223;91;-5;0;0
CCR DO PLANALTO SERRANO;1692448;b3S;;I;2;URUPEMA;SC;09/2000;355;206;312;300;43;15;0;2
CECMF PUBLICOS MUNICIPAIS DE ITAPIRA;2115870;b3S;;I;2;ITAPIRA;SP;09/2000;355;242;35;0;320;22;0;0
CCF SECRET.AGRIC.MEIO AMBIENTE E DES.AGR.E.S.P-COOPERCERES;2208747;b3S;;I;2;SAO PAULO;SP;09/2000;355;330;50;22;305;15;0;0
COOPERATIVA DE CREDITO RURAL DE URUPA LTDA;2049217;b3S;;I;2;URUPA;RO;09/2000;354;286;188;131;165;-11;0;0
CECM LUXOR LTDA;42540377;b3S;;I;2;RIO DE JANEIRO;RJ;09/2000;347;224;38;0;308;0;0;0
CECMF DA USINA SAO CARLOS;2346466;b3S;;I;2;JABOTICABAL;SP;09/2000;346;218;51;0;294;14;0;0
CECMF DO GRUPO GELRE;1636480;b3S;;I;2;SAO PAULO;SP;09/2000;345;298;24;0;322;30;0;0
ADICAO CORRETORA DE CAMBIO LTDA;73066599;n2;;I;2;SAO PAULO;SP;09/2000;345;0;11;0;334;16;1;0
CECMS DA POLICIA MILITAR E DO CORPO BOMBEIROS MILITAR DE MT;2313983;b3S;;I;2;CUIABA;MT;09/2000;340;223;295;274;45;-17;0;0
CCF DO GRUPO PAGLIATO;55381305;b3S;;I;2;SOROCABA;SP;09/2000;335;198;88;0;247;8;0;0
CCR DE RIO RUFINO;2448839;b3S;;I;2;RIO RUFINO;SC;09/2000;335;126;247;240;88;8;0;0
CECMF DA COONAI;48013940;b3S;;I;2;RIBEIRAO PRETO;SP;09/2000;333;449;242;164;90;-134;0;0
CECMS PUBLICOS DO MUNICIPIO DE CUIABA;3365338;b3S;;I;2;CUIABA;MT;09/2000;332;330;358;324;-27;-37;0;0
COOPERATIVA DE ECONOMIA E CRÉDITO MÚTUO DOS FUNCIONÁRIOS DO GRUPO EMPRESARIAL RIO BRANCO LTDA.;20062766;b3S;;I;2;VISCONDE DO RIO BRANCO;MG;09/2000;328;209;25;0;303;5;0;0
CCR DO PLANALTO SUL;3033469;b3S;;I;2;LAGES;SC;09/2000;323;237;287;281;35;0;0;0
CC DE MIRASSOL - COCREMIR;52436367;b3S;;I;2;MIRASSOL;SP;09/2000;316;217;222;210;94;4;0;0
CCE CIMPOR BRASIL;2721419;b3S;;I;2;SAO PAULO;SP;09/2000;316;292;22;0;294;14;0;0
COOPERATIVA DE ECONOMIA E CRÉDITO MÚTUO DOS FUNCIONÁRIOS DA CORREIAS MERCÚRIO;67607564;b3S;;I;2;JUNDIAI;SP;09/2000;316;134;49;0;267;10;0;0
LEANDRO E ASSOCIADOS CORRETORA DE CAMBIO LTDA;42066258;n2;;I;2;SALVADOR;BA;09/2000;314;0;64;0;250;5;1;0
CCR DA PONTA DO ABUNA;2146953;b3S;;I;2;PORTO VELHO;RO;09/2000;313;117;175;166;137;-3;0;0
CC PRODUTORES RURAIS REGIAO SANTA RITA DE MINAS LTDA;603454;b3S;;I;2;SANTA RITA DE MINAS;MG;09/2000;312;229;231;208;81;1;0;0
CECMF DA UNESP-CAMPUS DE RIO CLARO;69136075;b3S;;I;2;RIO CLARO;SP;09/2000;311;158;8;0;303;3;0;0
CECMF DO GRUPO NOVA CELISA - CREDCOSAN;96609102;b3S;;I;2;PIRACICABA;SP;09/2000;311;106;32;10;278;12;0;0
CECME DA EMATER ACRE LTDA;34709527;b3S;;I;2;RIO BRANCO;AC;09/2000;309;251;66;0;242;2;0;0
CECMC DE VEST. E CONF.DO NORTE DO ESPIRITO SANTO CREDI NORTE;3566974;b3S;;I;2;LINHARES;ES;09/2000;308;103;288;277;20;-11;0;0
CECM DOS PROFISSIONAIS DA CONTABILIDADE DE CUIABA;2861211;b3S;;I;2;CUIABA;MT;09/2000;307;298;292;281;15;-17;0;0
CECME DA BORCOL;73156218;b3S;;I;2;SOROCABA;SP;09/2000;299;253;34;0;264;7;0;0
CECME DO GRUPO USINA PAINEIRAS LTDA - CRED-PAN;27140946;b3S;;I;2;ITAPEMIRIM;ES;09/2000;297;243;18;0;280;16;0;0
CECMF DE BRINQUEDOS BANDEIRANTE;62278809;b3S;;I;2;FERRAZ DE VASCONCELOS;SP;09/2000;296;274;15;0;281;10;0;0
CCR SAO JOAQUIM;2766672;b3S;;I;2;SAO JOAQUIM;SC;09/2000;296;114;208;201;88;4;0;0
COOPERATIVA DE CREDITO RURAL PE DE SERRA LTDA;2909173;b3S;;I;2;PE DE SERRA;BA;09/2000;292;267;207;197;85;1;0;0
CECMS DO DEPTO NACIONAL DE ESTRADAS DE RODAGEM DO PARA LTDA;1290746;b3S;;I;2;BELEM;PA;09/2000;291;257;33;12;259;13;0;0
COOPERATIVA DE CREDITO RURAL COM INTERACAO SOLIDARIA DE PITANGA - CRESOL PITANGA;2645093;b3S;;I;2;PITANGA;PR;09/2000;290;70;235;175;55;-5;0;0
COOPERATIVA DE ECONOMIA E CRÉDITO MÚTUO DOS EMPREGADOS DA TÊXTIL BRASLINHO S/A - FILIAL;24349748;b3S;;I;2;CAMARAGIBE;PE;09/2000;288;185;8;0;280;13;0;0
CECMC ITATIAIA MOVEIS DE ACO E TRANSPORTES LTDA.;20177390;b3S;;I;2;UBA;MG;09/2000;287;206;29;2;258;5;0;0
COOPERJUS - CECMS PODER JUDICIARIO E MIN PUBL FED PA LTDA;83332700;b3S;;I;2;BELEM;PA;09/2000;285;199;7;2;279;-4;0;0
CECMF DA ELF ATOCHEM BRASIL QUIMICA;1535631;b3S;;I;2;SAO PAULO;SP;09/2000;285;223;6;2;279;10;0;0
COOPERATIVA DE ECONOMIA E CREDITO MUTUO DOS SERVIDORES PUBLICOS MUNICIPAIS DE CACHOEIRO DE ITAPEMIRIM LTDA;36363331;b3S;;I;2;CACHOEIRO DE ITAPEMIRIM;ES;09/2000;283;264;219;189;64;-2;0;0
CECM ODONTOLOGOS BH REGIAO METROPOLITANA LTDA.;2433766;b3S;;I;2;BELO HORIZONTE;MG;09/2000;282;259;241;228;40;4;0;1
CECMF DO GRUPO CLC;53264529;b3S;;I;2;BARUERI;SP;09/2000;277;230;39;15;238;9;0;0
CECME CIAS ECON MISTA E FUNDACOES PREF MUN BELEM - COOPERCO;83321554;b3S;;I;2;BELEM;PA;09/2000;277;126;23;0;254;42;0;0
CECM SETOR METALURGICO DO TRIANGULO LTDA.;3304138;b3S;;I;2;UBERLANDIA;MG;09/2000;275;149;308;239;-33;-7;0;0
CECME DA LANSUL E ARTEFINA LTDA;88183173;b3S;;I;2;SAPUCAIA DO SUL;RS;09/2000;275;185;18;0;257;4;0;0
CCECM DAS UNICREDS DO ESTADO DO RIO DE JANEIRO LTDA.;86774775;b3C;;I;2;RIO DE JANEIRO;RJ;09/2000;275;0;5;0;270;4;0;0
CCRIS DE CHOPINZINHO - CRESOL CHOPINZINHO;2511232;b3S;;I;2;CHOPINZINHO;PR;09/2000;271;39;161;147;110;10;0;0
CORREPARTI CORRETORA DE CAMBIO LTDA;80202872;n2;;I;2;CURITIBA;PR;09/2000;269;0;69;0;200;-15;1;0
CECMF DO ELETROBUS;2412501;b3S;;I;2;SAO PAULO;SP;09/2000;265;196;33;11;232;20;0;0
CECMS DO IDESP LTDA - UNIDESP;83375469;b3S;;I;2;BELEM;PA;09/2000;265;194;68;51;196;-16;0;0
CECMF GRUPO SUGGAR LTDA.;548980;b3S;;I;2;BELO HORIZONTE;MG;09/2000;264;222;21;9;244;15;0;0
COOPERATIVA DE CREDITO RURAL COM INTERACAO SOLIDARIA DE TURVO - CRESOL TURVO;2483330;b3S;;I;2;TURVO;PR;09/2000;263;164;221;206;41;-8;0;0
CECM DOS ENGENHEIROS EM SAO PAULO - COECEESP;74266081;b3S;;I;2;SAO PAULO;SP;09/2000;261;1.505;1.778;1.755;-1.517;386;0;0
CECME DA STAROUP;74520990;b3S;;I;2;BOTUCATU;SP;09/2000;261;185;6;0;255;10;0;0
CECM CONTABILISTAS JUIZ DE FORA LTDA;2005035;b3S;;I;2;JUIZ DE FORA;MG;09/2000;260;194;127;105;133;7;0;0
CECMS DA SECRET. DA FAZENDA NO EST.DO ESP.SANTO-COOPFISCO;2475222;b3S;;I;2;VITORIA;ES;09/2000;260;215;116;110;144;11;0;0
CECME FOSFERTIL UBERABA - COPERURA LTDA;17607375;b3S;;I;2;UBERABA;MG;09/2000;259;248;52;29;207;-6;0;0
CECMF DA VIACAO BONAVITA;51920502;b3S;;I;2;CAMPINAS;SP;09/2000;258;158;20;0;238;10;0;0
COOPERATIVA DE ECONOMIA E CRÉDITO MÚTUO DOS FUNCIONÁRIOS DE ZANETTINI BAROSSI;52218849;b3S;;I;2;SAO PAULO;SP;09/2000;257;250;15;10;243;5;0;0
CECMF DA INTERCONTINENTAL HOTELEIRA LTDA.;27183359;b3S;;I;2;RIO DE JANEIRO;RJ;09/2000;256;167;230;182;26;-2;0;0
CCR DO ALTO PAJEU - CREDIPAJEU LTDA;3732359;b3S;;I;2;SAO JOSE DO EGITO;PE;09/2000;255;195;198;196;57;0;0;0
CCR COM INTERACAO SOLIDARIA DE ERECHIM - CRESOL ERECHIM;2910987;b3S;;I;2;ERECHIM;RS;09/2000;252;96;209;70;43;-2;0;0
CECMS DO PODER EXECUTIVO FEDERAL DO ESTADO DE RONDONIA;3497143;b3S;;I;2;PORTO VELHO;RO;09/2000;250;79;104;96;146;16;0;0
CECM OPERADORES TURISMO REGIAO METROPOLITANA BH LTDA.;242375;b3S;;I;2;BELO HORIZONTE;MG;09/2000;249;44;203;192;46;-2;0;0
BAHIA LUCRO CORRETORA DE CAMBIO E TITULOS MOBILIARIOS LTDA;15232648;n2;;I;2;SALVADOR;BA;09/2000;249;0;0;0;249;8;1;0
CECM ADMINISTRADORES DA GRANDE BELO HORIZONTE LTDA;1038094;b3S;;I;2;BELO HORIZONTE;MG;09/2000;249;170;296;280;-47;-8;0;0
UNICREF DO CEARA-CECME DA UNIMED DO CEARA E SINGULARES LTDA;1512743;b3S;;I;2;FORTALEZA;CE;09/2000;248;225;197;175;52;-15;0;0
CECME DA VEROLME LTDA;28129617;b3S;;I;2;ANGRA DOS REIS;RJ;09/2000;248;25;153;151;95;-10;0;0
CECMF DA M. AGOSTINI LTDA.;30096234;b3S;;I;2;RIO DE JANEIRO;RJ;09/2000;248;138;57;6;191;10;0;0
CECMF DA ALCANBRASIL ARATU LTDA.;13056056;b3S;;I;2;CANDEIAS;BA;09/2000;248;186;32;0;215;0;0;0
COOPERATIVA DE CRÉDITO MÚTUO DOS SERVIDORES DA UNIMONTES E 22A SRE - COOPERMONTES LTDA;3277088;b3S;;I;2;MONTES CLAROS;MG;09/2000;246;232;177;168;68;10;0;0
CECME DA USINA SAPUCAIA LTDA;27044379;b3S;;I;2;CAMPOS DOS GOYTACAZES;RJ;09/2000;244;89;50;36;194;0;0;0
CCF DO MINISTERIO DA FAZENDA - COOPERMINF;3002199;b3S;;I;2;SAO PAULO;SP;09/2000;244;154;58;43;186;16;0;0
COOPERATIVA DE CRÉDITO RURAL DO RECÔNCAVO SUL - SICOOB RECÔNCAVO;3079626;b3S;;I;2;NAZARE;BA;09/2000;243;147;219;212;24;-1;0;0
CECMF DA USINA SANTA MARIA - PILONCRED;1107759;b3S;;I;2;CERQUILHO;SP;09/2000;241;157;8;0;233;10;0;0
EXIM CORRETORA DE CAMBIO LTDA;73302408;n2;;I;2;PORTO ALEGRE;RS;09/2000;238;0;6;0;232;10;2;0
COOPERATIVA DE ECONOMIA E CREDITO MUTUO DOS EMPREGADOS DO GRUPO JOSE NEFFA LTDA;29985421;b3S;;I;2;VITORIA;ES;09/2000;237;131;39;10;198;2;0;0
CECME ALCOA;1346674;b3S;;I;2;SANTO ANDRE;SP;09/2000;235;187;29;0;206;4;0;0
CECME INDUSTRIA DE PAPEIS SUDESTE LTDA;18340695;b3S;;I;2;JUIZ DE FORA;MG;09/2000;235;155;34;0;201;16;0;0
CECME DO GRUPO COLORADO;2024442;b3S;;I;2;GUAIRA;SP;09/2000;235;184;21;0;213;10;0;0
CCF DO GRUPO PPG;3657230;b3S;;I;2;SANTO ANDRE;SP;09/2000;229;227;111;107;119;-1;0;0
COOPERATIVA DE ECONOMIA E CRÉDITO MÚTUO DOS CERAMISTAS DE MONTE CARMELO E REGIÃO LTDA.;2694102;b3S;;I;2;MONTE CARMELO;MG;09/2000;228;104;219;206;9;-9;0;0
CECMF DE VALVULAS SCHRADER DO BRASIL;55896724;b3S;;I;2;JACAREI;SP;09/2000;227;218;26;0;201;-1;0;0
CECMF DA METODO ENGENHARIA-CREDIMEL;911079;b3S;;I;2;SAO PAULO;SP;09/2000;223;143;17;0;206;9;0;0
CCMF DA COOPERATIVA DOS CAFEICULTORES DA REGIAO DE MARILIA;1523675;b3S;;I;2;MARILIA;SP;09/2000;223;137;21;0;201;8;0;0
COOPERATIVA DE ECONOMIA E CRÉDITO MÚTUO DOS EMPREGADOS POLO INDUSTRIA COMERCIO LTDA/ PP PRINT EMBALAGENS LTDA;17931957;b3S;;I;2;VARGINHA;MG;09/2000;219;195;35;3;184;11;0;0
CECME DO COLEGIO SANTO INACIO - COESI;2447184;b3S;;I;2;RIO DE JANEIRO;RJ;09/2000;218;161;72;5;147;11;0;0
CECM DOS SERVIDORES PUBLICOS MUNICIPAIS DE PORTO ALEGRE;3990888;b3S;;I;2;PORTO ALEGRE;RS;09/2000;210;0;0;0;210;-2;0;0
CECME CIA.PARAIBUNA DE METAIS LTDA.;21464557;b3S;;I;2;JUIZ DE FORA;MG;09/2000;209;172;23;7;187;7;0;0
CECMS PUBLICOS ESTADO MG MUNICIPIO LAVRAS LTDA.;86389244;b3S;;I;2;LAVRAS;MG;09/2000;209;146;123;123;86;10;0;0
COOPERATIVA DE ECONOMIA E CRÉDITO MÚTUO DOS FUNCIONÁRIOS DA PTI;62035456;b3S;;I;2;SAO PAULO;SP;09/2000;209;146;9;0;200;6;0;0
CREDIVIG - COOPERATIVA DE ECONOMIA E CRÉDITO MÚTUO DOS VIGILANTES E PROFISSIONAIS DA ÁREA DE SEGURANÇA PRIVADA DO ESTADO DO RIO DE JANEIRO;3326826;b3S;;I;2;RIO DE JANEIRO;RJ;09/2000;208;187;119;116;89;1;0;0
CECME FIACAO TECELAGEM SAO JOSE LTDA. - MG;19476977;b3S;;I;2;BARBACENA;MG;09/2000;207;120;15;0;192;3;0;1
CECME ESTAB. DE SAUDE DA GRANDE VITORIA E NORTE EST. E.SANTO;39316898;b3S;;I;2;VILA VELHA;ES;09/2000;204;148;233;201;-28;-30;0;0
COOPERATIVA DE CREDITO RURAL BARRA DO CHOCA LTDA;3071386;b3S;;I;2;BARRA DO CHOCA;BA;09/2000;204;123;213;143;-9;-28;0;0
CCRIS DE HONORIO SERPA - CRESOL HONORIO SERPA;2565350;b3S;;I;2;HONORIO SERPA;PR;09/2000;204;124;148;128;56;-9;0;0
BONUS CORRETORA DE CAMBIO LTDA;3486833;n2;;I;2;RIO DE JANEIRO;RJ;09/2000;204;0;10;0;194;-41;0;0
CECMP A.ENGENHARIA,ARQUIT.E AGRON.SUL FLUMIN.LTDA-COOPCRED;3665505;b3S;;I;2;VOLTA REDONDA;RJ;09/2000;201;155;151;151;50;0;0;1
CECM CORRETORES SEGURO BH E REGIAO METROPOLITANA LTDA.;2316922;b3S;;I;2;BELO HORIZONTE;MG;09/2000;201;154;198;188;4;-2;0;0
MICRO-CRED SOCIEDADE DE CREDITO AO MICROEMPREENDEDOR LTDA;3422273;n1;;I;2;SAO PAULO;SP;09/2000;201;178;5;0;196;-10;1;0
CECMS DA CEPLAC NA AMAZONIA ORIENTAL LTDA. - COOPEA;484473;b3S;;I;2;BELEM;PA;09/2000;201;162;8;5;193;6;0;0
CECM DOS FUNCIONARIOS DO GRUPO PROGRESSO LTDA - PROCRED;2931166;b3S;;I;2;TRES RIOS;RJ;09/2000;200;135;52;8;148;1;0;1
CECM TRABALHADORES COOPERATIVAS REG HOLAMBRA - CREDIHOLAMBRA;57647653;b3S;;I;2;HOLAMBRA;SP;09/2000;199;178;20;16;179;5;0;1
CCRIS DE PINHAO RESPONSAB LTDA - CRESOL PINHAO;1276398;b3S;;I;2;PINHAO;PR;09/2000;198;155;132;118;67;-3;0;0
EMAC - SOCIEDADE DE CREDITO AO MICROEMPREENDEDOR LTDA;3939635;n1;;I;2;NITEROI;RJ;09/2000;198;32;3;0;195;-5;0;0
CCR DE NAVIRAI LTDA;33190935;b3S;;I;2;NAVIRAI;MS;09/2000;195;2;10;1;185;-2;0;0
CECMS FUNDACAO BENJAMIM GUIMARAES LTDA.;16660680;b3S;;I;2;BELO HORIZONTE;MG;09/2000;192;54;45;0;147;6;0;0
COOPERATIVA DE ECONOMIA E CRÉDITO MÚTUO DOS FUNCIONÁRIOS DO GRUPO GARDÊNIA LTDA.;1499278;b3S;;I;2;POUSO ALEGRE;MG;09/2000;191;137;28;9;163;7;0;0
CECME EM INST INTEGR SIST FINANC REG METROP SP - CREDISCOOP;3674133;b3S;;I;2;SAO PAULO;SP;09/2000;191;154;149;139;42;-9;0;0
CECMS INSTITUTO PREVIDENCIA ESTADO PARAIBA - CREDIPEP LTDA.;1742756;b3S;;I;2;JOAO PESSOA;PB;09/2000;188;79;127;51;61;-3;0;0
CECME DA METALURGICA BARRA DO PIRAI-MATAO;49054216;b3S;;I;2;MATAO;SP;09/2000;188;164;28;0;159;2;0;0
CCRIS DE SAO JORGE D'OESTE - CRESOL SAO JORGE D'OESTE;2934201;b3S;;I;2;SAO JORGE D'OESTE;PR;09/2000;187;110;143;129;44;1;0;0
CECMF DA CAMBRIDGE INDUSTRIAL DO BRASIL;2541707;b3S;;I;2;RIO CLARO;SP;09/2000;186;125;46;24;140;-6;0;0
CECM DOS SERVIDORES PUBLICOS MUNICIPAIS DE BLUMENAU;3960819;b3S;;I;2;BLUMENAU;SC;09/2000;185;71;100;98;85;-7;0;0
CECM DA ALIANCA DOS MEDICOS DE BAURU - ALCRED DE BAURU;3974280;b3S;;I;2;BAURU;SP;09/2000;185;54;122;116;62;-6;0;1
CECME DAS EMPRESAS METALURGICAS DE OSASCO E REGIAO CREDMETAL;3535065;b3S;;I;2;OSASCO;SP;09/2000;184;47;168;158;16;6;0;0
COOPERATIVA DE CREDITO RURAL COLONIA;3485130;b3S;;I;2;SANTA ROSA DE LIMA;SC;09/2000;184;64;177;173;7;-1;0;0
CCECM DAS UNICREDS DO ESTADO DO PARANA;3046391;b3C;;I;2;CASCAVEL;PR;09/2000;179;0;5;0;174;4;0;1
CECM DOS BOMBEIROS MILITARES DO ESTADO DO ACRE;3232959;b3S;;I;2;RIO BRANCO;AC;09/2000;178;141;75;73;104;-1;0;0
CECMS DO SESC DO RIO DE JANEIRO;34081562;b3S;;I;2;RIO DE JANEIRO;RJ;09/2000;177;139;350;345;-173;-11;0;0
CECME DA ASSOC  DOS FUNC PUB DO EST DE SAO PAULO-CREDIAFPESP;1558716;b3S;;I;2;SAO PAULO;SP;09/2000;175;90;14;0;161;11;0;0
CECME DA VIDRARIA SUL-BRASIL LTDA;88325097;b3S;;I;2;CANOAS;RS;09/2000;175;157;22;8;153;1;0;0
CCRIS DE AMPERE - CRESOL AMPERE;3066193;b3S;;I;2;AMPERE;PR;09/2000;173;16;160;130;13;0;0;0
CECMF DA S.A. INDUSTRIAS VOTORANTIM-MOAGEM JAGUARE;55427140;b3S;;I;2;SAO PAULO;SP;09/2000;173;62;11;0;162;5;0;0
CECMS DO CORPO DE BOMBEIROS MILITAR DO ESTADO PARA;2202150;b3S;;I;2;BELEM;PA;09/2000;173;112;10;0;163;8;0;0
CECMS DA UFPB EM CAMPINA GRANDE LTDA - CREDUNI;3428338;b3S;;I;2;CAMPINA GRANDE;PB;09/2000;172;172;153;152;19;2;0;0
CREDSAM - CCF DO GRUPO SAMELLO;1495247;b3S;;I;2;FRANCA;SP;09/2000;170;147;13;0;157;5;0;0
CCR C/ INTER. SOLID. DE JACUTINGA - CRESOL JACUTINGA;2904125;b3S;;I;2;JACUTINGA;RS;09/2000;169;75;152;148;17;1;0;0
CCRIS DE VERE - CRESOL VERE;3348165;b3S;;I;2;VERE;PR;09/2000;169;75;140;123;29;3;0;0
CC DOS SERVIDORES PUBLICOS E AUTARQUICOS MUNICIPIO DE MAUA;1582068;b3S;;I;2;MAUA;SP;09/2000;169;130;5;0;163;26;0;0
CECMS MUNICIPAIS DE VOLTA REDONDA LTDA;1819799;b3S;;I;2;VOLTA REDONDA;RJ;09/2000;165;125;15;10;150;2;0;0
CECME EMPRESA BRASILEIRA CORREIOS TELEGRAFOS DE MG LTDA;3862898;b3S;;I;2;BELO HORIZONTE;MG;09/2000;165;112;133;124;32;-22;0;0
CECM DOS FUNCIONARIOS DO BANCO DA AMAZONIA;2827982;b3S;;I;2;BELEM;PA;09/2000;165;120;79;48;86;-1;0;0
CCME DO SEBRAE DE PERNAMBUCO LTDA.-COOPESPE;2039597;b3S;;I;2;RECIFE;PE;09/2000;164;152;30;13;134;8;0;0
COOPERATIVA DE CRÉDITO DOS EMPREGADOS DA SOBRAL INVICTA LTDA;25691478;b3S;;I;2;POUSO ALEGRE;MG;09/2000;162;150;20;0;143;4;0;0
COOPERALPHA - CCF DA SOC ALPHAVILLE CENTRO IND E EMPRESARIAL;3058603;b3S;;I;2;BARUERI;SP;09/2000;162;134;23;0;139;15;0;0
CCME FIACAO ALPINA;55319370;b3S;;I;2;VOTORANTIM;SP;09/2000;161;150;6;0;155;9;0;0
CECMS DA POLICIA MILITAR DO DISTRITO FEDERAL;2719550;b3S;;I;2;BRASILIA;DF;09/2000;161;149;49;35;112;9;0;0
CECMF DO SEBRAE DO AMAZONAS LTDA;2321862;b3S;;I;2;MANAUS;AM;09/2000;160;132;9;0;151;12;0;0
COOPERATIVA DE CRÉDITO RURAL DE PALMAS;3634460;b3S;;I;2;PALMAS;TO;09/2000;157;0;46;0;111;0;0;0
CECM BANCARIOS DO TRIANGULO LTDA;1301541;b3S;;I;2;UBERLANDIA;MG;09/2000;157;126;41;33;116;5;0;0
CECMF DO GRUPO MONTECITRUS;74256983;b3S;;I;2;MONTE AZUL PAULISTA;SP;09/2000;155;116;4;0;151;6;0;0
CECMS DO MEC NO RIO DE JANEIRO - RJ LTDA - COSMEC;29975216;b3S;;I;2;RIO DE JANEIRO;RJ;09/2000;155;126;47;0;107;-3;0;0
CECME DA CAULIM DA AMAZONIA CADAM EM MONTE DOURADO LTDA;5117957;b3S;;I;2;ALMEIRIM;PA;09/2000;153;106;9;0;144;3;0;0
CECME EMPRESAS DE INFORMATICA DE BH E REGIAO METROPOLITANA;3605814;b3S;;I;2;BELO HORIZONTE;MG;09/2000;152;126;72;72;80;1;0;0
CCR SANTIAGO DO SUL - CREDISUL;3661027;b3S;;I;2;SANTIAGO DO SUL;SC;09/2000;151;58;97;96;54;0;0;0
CECME MOINHO SUL MINEIRO S.A. LTDA.;16599441;b3S;;I;2;VARGINHA;MG;09/2000;150;123;2;0;148;0;0;0
CECME DA USIPARTS;59301762;b3S;;I;2;SAO PAULO;SP;09/2000;149;116;0;0;149;1;0;0
CECM PROFESSORES E FUNCIONARIOS DA FUNDACAO ROTARIANOS DE SP;3400755;b3S;;I;2;SAO PAULO;SP;09/2000;146;110;8;0;138;3;0;0
CECMS DO INST. BRAS.DO MEIO AMB. E DOS REC. NATURAIS RENOV.;2895102;b3S;;I;2;BRASILIA;DF;09/2000;145;146;78;64;68;4;0;0
CECMS DA FUNDACAO ROQUETTE PINTO LTDA;40237075;b3S;;I;2;RIO DE JANEIRO;RJ;09/2000;144;42;109;81;35;-19;0;0
COOPERATIVA DE ECONOMIA E CREDITO MUTUO GRUPO SULTEPA LTDA;1245342;b3S;;I;2;PORTO ALEGRE;RS;09/2000;144;70;1;0;143;9;0;0
CECMF DAS ESCOLAS CATOLICAS DO ESTADO DE MATO GROSSO;3791055;b3S;;I;2;CUIABA;MT;09/2000;143;111;115;112;29;-8;0;1
CECM INDUSTRIAIS SETOR METAL MECANICO VALE DO ACO LTDA;2747661;b3S;;I;2;IPATINGA;MG;09/2000;143;51;206;198;-63;-19;0;0
CCRIS DE LINDOESTE - CRESOL LINDOESTE;3013889;b3S;;I;2;LINDOESTE;PR;09/2000;141;43;120;116;22;-2;0;1
COIPA - CECMS DO IBGE NO ESTADO DO PARA LTDA;83838813;b3S;;I;2;BELEM;PA;09/2000;140;62;4;0;136;5;0;0
CCR COM INTERACAO SOLIDARIA DE DIONISIO CERQUEIRA;2844024;b3S;;I;2;DIONISIO CERQUEIRA;SC;09/2000;138;92;115;112;23;2;0;0
CCMS PUBL FED DA JUSTICA DO TRAB DA 15 REGIAO EM CAMPINAS;2899661;b3S;;I;2;CAMPINAS;SP;09/2000;138;114;65;60;73;5;0;0
CCECM DAS UNICREDS DA AMAZONIA OCIDENTAL LTDA;2470935;b3C;;I;2;MANAUS;AM;09/2000;137;0;35;32;102;0;0;0
COOPERATIVA DE ECONOMIA E CRÉDITO MÚTUO DOS SERVENTUÁRIOS DA CIMENTO TUPI S.A. E EMPRESAS COLIGADAS LTDA.;19551787;b3S;;I;2;CARANDAI;MG;09/2000;134;65;26;17;108;3;0;0
CECME DAS EMPRESAS BERTILLON;2413228;b3S;;I;2;BELEM;PA;09/2000;132;83;19;12;113;7;0;0
CECME DE EATON NO RIO DE JANEIRO LTDA. - COOPEATONRJ;34165787;b3S;;I;2;RIO DE JANEIRO;RJ;09/2000;131;102;50;46;81;2;0;0
CECM DOS SERVIDORES DA JUSTICA FEDERAL;3035808;b3S;;I;2;RIO DE JANEIRO;RJ;09/2000;130;106;107;98;23;37;0;0
COOPERATIVA DE ECONOMIA E CREDITO MUTUO DOS EMPREGADOS DO GRUPO BEZERRA DE MELLO LTDA;33916883;b3S;;I;2;RIO DE JANEIRO;RJ;09/2000;126;81;23;5;103;9;0;0
CCR DOS PRODUTORES DOS MUNICIPIOS DE JACARACI E MORTUGABA;2939044;b3S;;I;2;JACARACI;BA;09/2000;126;58;133;118;-7;-10;0;0
COOPERATIVA DE ECONOMIA E CREDITO MUTUO DOS FUNC.DA FMC LTDA;42258376;b3S;;I;2;RIO DE JANEIRO;RJ;09/2000;125;84;23;21;102;-2;0;0
CCRIS DE PRANCHITA - CRESOL PRANCHITA;3190530;b3S;;I;2;PRANCHITA;PR;09/2000;124;107;97;93;28;-9;0;0
CCRIS DE NOVA PRATA DO IGUACU - CRESOL NOVA PRATA DO IGUACU;3014407;b3S;;I;2;NOVA PRATA DO IGUACU;PR;09/2000;123;65;59;58;63;1;0;0
CECMS GOIAS FERTILIZANTES S.A. LTDA.;968834;b3S;;I;2;CATALAO;GO;09/2000;121;100;3;1;118;3;0;0
EDUCATIVA - CECM PROFESSORES SEC. EDUCACAO E ESP. EST. PE;2695381;b3S;;I;2;RECIFE;PE;09/2000;121;61;1;0;120;-22;0;0
CECME DA UNIFI - CREDIUNIFI;3685335;b3S;;I;2;SAO PAULO;SP;09/2000;119;98;50;0;69;0;0;0
ALDRAVA - SOCIEDADE DE CREDITO AO MICROEMPREENDEDOR LTDA;3884810;n1;;I;2;RIO DE JANEIRO;RJ;09/2000;119;63;14;0;104;4;1;0
COOPERATIVA DE ECONOMIA E CRÉDITO MÚTUO DOS SERVIDORES DO MINISTÉRIO  DO TRABALHO EM MINAS GERAIS LTDA.;2525045;b3S;;I;2;BELO HORIZONTE;MG;09/2000;118;109;28;20;89;7;0;0
COOPSEGURA CECMS SECRET DEFESA SOCIAL ESTADO PERNAMBUCO LTDA;2152554;b3S;;I;2;RECIFE;PE;09/2000;115;100;31;21;84;-7;0;0
COOPERATIVA DE ECONOMIA E CREDITO MUTUO DOS EMPREGADOS DA CIA ACUCAREIRA USINA CUPIM LTDA;28980936;b3S;;I;2;CAMPOS DOS GOYTACAZES;RJ;09/2000;115;74;0;0;115;10;0;0
CECME SIDERURGIA SANTO ANTONIO LTDA.;25481565;b3S;;I;2;ITAUNA;MG;09/2000;115;61;35;0;79;-4;0;0
COOPERATIVA DE CREDITO CAIXEIRAL DO CRATO LTDA.;7174980;b3S;;I;2;CRATO;CE;09/2000;115;36;92;82;23;-1;0;0
CECME DA DRIVEWAY;71799308;b3S;;I;2;SAO PAULO;SP;09/2000;114;104;2;0;112;4;0;0
IPACRED- SOCIEDADE DE CREDITO AO MICROEMPREENDEDOR LTDA.;3476483;n1;;I;2;IPATINGA;MG;09/2000;111;53;2;0;109;1;1;0
CCM ECONOM, ADMINIST E CONTADORES JOAO PESSOA COOPECON LTDA.;41156084;b3S;;I;2;JOAO PESSOA;PB;09/2000;109;78;85;75;24;2;0;0
CECMS DOS ORGAOS E ENTID.DA AREA DE CIENC.E TECNOL.COOPECT;2145770;b3S;;I;2;RIO DE JANEIRO;RJ;09/2000;108;100;28;25;80;5;0;0
CECME DO GRUPO TEADIT LTDA;27669753;b3S;;I;2;RIO DE JANEIRO;RJ;09/2000;108;56;5;2;103;0;0;0
CECME MG MASTER LTDA.;2232228;b3S;;I;2;BELO HORIZONTE;MG;09/2000;107;41;14;0;93;4;0;0
CCR C/ INTERACAO SOLIDARIA DE CENTENARIO - CRESOL CENTENARIO;2904138;b3S;;I;2;AUREA;RS;09/2000;106;55;95;91;11;2;0;0
CECMF DA FUNDACAO EDUCACIONAL DE BARRETOS-COOPERFEB;2846074;b3S;;I;2;BARRETOS;SP;09/2000;106;99;6;0;100;8;0;0
CCR VALE DO MANOEL ALVES;3836609;b3S;;I;2;DIANOPOLIS;TO;09/2000;106;0;0;0;106;1;0;1
CCMS CENTRO FED EDUC TECNOLOGICA DA PARAIBA COOPERCRET LTDA.;2275781;b3S;;I;2;JOAO PESSOA;PB;09/2000;105;83;42;35;63;5;0;0
CECMF DA SANEPAR;3165497;b3S;;I;2;CASCAVEL;PR;09/2000;105;71;48;48;57;-1;0;0
CCMS PUBLICOS ESTADUAIS DA PARAIBA - CREDS LTDA.;3373150;b3S;;I;2;JOAO PESSOA;PB;09/2000;105;75;53;49;52;7;0;0
CCM DOS SERV PUB MUN DE SAO BERNARDO DO CAMPO - CREDISBC;3612679;b3S;;I;2;SAO BERNARDO DO CAMPO;SP;09/2000;105;69;41;35;64;1;0;0
CECME DE EMPRESAS FERROVIARIAS LTDA;35780337;b3S;;I;2;RIO DE JANEIRO;RJ;09/2000;104;21;172;9;-69;-5;0;0
CCR BICO DO PAPAGAIO - COOPERCRED BICO DO PAPAGAIO;3937769;b3S;;I;2;ARAGUATINS;TO;09/2000;104;0;0;0;103;2;0;0
COOPERATIVA DE ECONOMIA E CRÉDITO MÚTUO DOS EMPREGADOS DA ASSOCIAÇÃO DOS FORNECEDORES DE CANA DE GUARIBA;74562190;b3S;;I;2;GUARIBA;SP;09/2000;101;41;2;0;99;1;0;0
SOCINAL - SOCIEDADE DE CREDITO AO MICROEMPREENDEDOR LTDA.;3881423;n1;;I;2;RIO DE JANEIRO;RJ;09/2000;101;5;1;0;100;0;1;0
CECMF DO BANESPA DE BOTUCATU E CIDADES LIMITROFES;3219207;b3S;;I;2;BOTUCATU;SP;09/2000;101;80;0;0;100;3;0;0
CECMS DO COLEGIO PEDRO II;2910387;b3S;;I;2;RIO DE JANEIRO;RJ;09/2000;99;83;66;63;33;-10;0;0
CCME MILLENNIUM INORGANIC CHEMICALS BRASIL PB RIBCRED LTDA;2365873;b3S;;I;2;MATARACA;PB;09/2000;99;71;14;0;85;5;0;0
COOPERATIVA DE ECONOMIA E CRÉDITO MÚTUO DOS EMPREGADOS DAS EMPRESAS SOMART LTDA.;129753;b3S;;I;2;URUCANIA;MG;09/2000;98;87;5;0;93;4;0;0
CECME PLAVIGOR LTDA.;17411307;b3S;;I;2;VARGINHA;MG;09/2000;98;39;6;0;92;0;0;0
CECMS DOS ORGAOS DO MINISTERIO DA SAUDE NO ESTADO DO RJ;2966385;b3S;;I;2;RIO DE JANEIRO;RJ;09/2000;98;64;3;1;95;1;0;0
CECMS DA JUNTA COMERCIAL DO ESTADO DO PARA LTDA;83325936;b3S;;I;2;BELEM;PA;09/2000;97;28;22;0;75;1;0;0
CECMF DA CERAMICA PORTO FERREIRA;49616303;b3S;;I;2;PORTO FERREIRA;SP;09/2000;97;32;4;0;93;4;0;0
CCME DAS LOJAS MAIA - COOPMAIA LTDA;2093154;b3S;;I;2;JOAO PESSOA;PB;09/2000;96;50;14;1;82;5;0;0
CECMS PUBLICOS MUNICIPAIS CURVELO LTDA.;2454082;b3S;;I;2;CURVELO;MG;09/2000;96;87;23;18;73;-1;0;0
CCM CONFECCIONISTAS DO VESTUARIO DA REGIAO SUL CATARINENSE;3793242;b3S;;I;2;CRICIUMA;SC;09/2000;95;45;48;42;47;-7;0;0
CECM DOS ODONTOLOGOS DE BELEM DO PARA LTDA;83326827;b3S;;I;2;BELEM;PA;09/2000;94;81;58;57;36;-2;0;0
CECME DA TORRINGTON INDUSTRIA E COMERCIO LTDA.;902909;b3S;;I;2;NOVA FRIBURGO;RJ;09/2000;94;83;4;4;89;3;0;0
CECME DA ELECTRO-VIDRO LTDA.;35815125;b3S;;I;2;SAO GONCALO;RJ;09/2000;89;64;3;0;86;6;0;0
CECM DOS CONTABILISTAS DE MACEIO - AL - CONTCRED MACEIO;3056109;b3S;;I;2;MACEIO;AL;09/2000;88;45;60;57;28;-3;0;0
CECMS PUBLICOS DO MUNICIPIO DE JABOTICABAL LTDA;881829;b3S;;I;2;JABOTICABAL;SP;09/2000;88;83;16;15;71;-8;0;0
CCRIS DE CANDOI - CRESOL CANDOI;3356447;b3S;;I;2;CANDOI;PR;09/2000;87;49;65;54;21;-9;0;0
CECM DOS BANCARIOS DE SOROCABA;71491609;b3S;;I;2;SOROCABA;SP;09/2000;86;29;10;0;76;2;0;0
CECME DO ESTALEIRO ILHA S.A -EISA-LTDA;33975426;b3S;;I;2;RIO DE JANEIRO;RJ;09/2000;86;240;307;282;-221;1;0;0
CCR C/INTER.SOLID. DE SAO VALENTIM-CRESOL SAO VALENTIM;3015152;b3S;;I;2;SAO VALENTIM;RS;09/2000;86;58;82;82;4;-4;0;0
COOPERATIVA DE ECONOMIA E CRÉDITO MÚTUO DOS EMPREGADOS DOS HOSPITAIS DE CATAGUASES LTDA.;25988460;b3S;;I;2;CATAGUASES;MG;09/2000;84;46;7;0;77;-3;0;0
CECMF DA TESS - COOPERTESS;3685226;b3S;;I;2;CAMPINAS;SP;09/2000;84;16;4;0;80;1;0;0
CCS PUBLICOS MUNICIPAIS DE PAULINIA - PAULICRED;2763730;b3S;;I;2;PAULINIA;SP;09/2000;82;70;30;19;53;0;0;0
CECMC CIA MINEIRA DE ELETRICIDADE LTDA.;21598032;b3S;;I;2;JUIZ DE FORA;MG;09/2000;81;63;44;10;37;2;0;0
CECMF GRUPO QUIMICA CATAGUASES LTDA.;1620670;b3S;;I;2;CATAGUASES;MG;09/2000;80;73;18;14;63;-5;0;0
CECMS PUBLICOS PODER EXEC. FEDERAL GRANDE VITORIA-COOPSEF;3639902;b3S;;I;2;VITORIA;ES;09/2000;79;19;56;53;24;-15;0;0
COOPERATIVA DE CREDITO RURAL TAPEROA LTDA.;3087263;b3S;;I;2;TAPEROA;BA;09/2000;79;49;76;67;3;-6;0;0
CECMF DO RIO-SHERATON HOTEL LTDA;30299416;b3S;;I;2;RIO DE JANEIRO;RJ;09/2000;79;51;24;7;55;10;0;0
CECM DOS SERVIDORES DA SECRETARIA DA AGRI. DO PARA LTDA;83663575;b3S;;I;2;BELEM;PA;09/2000;75;70;13;11;62;-2;0;0
CECMS DA USINA DE NEVES DE RESPONSABILIDADE LTDA;31716715;b3S;;I;2;SAO GONCALO;RJ;09/2000;75;23;17;3;58;-2;0;0
CECME DA EMPRESA SUPERMERCADOS JAU SERVE - COOPERJS;3400651;b3S;;I;2;JAU;SP;09/2000;74;32;8;0;66;1;0;0
CCM ENGEN. ARQUITETOS MICROREGIOES GOIANIA ANAPOLIS LTDA;4388688;b3S;;I;2;GOIANIA;GO;09/2000;73;0;0;0;73;1;0;0
CECMF DA SECRET. DE ESTADO DE FAZENDA DO ESTADO DO RJ.LTDA;3608287;b3S;;I;2;RIO DE JANEIRO;RJ;09/2000;73;44;22;21;50;1;0;0
CECE EM EMPRESAS DO SISTEMA VIARIO SAO PAULO - COOPERTRANS;3700068;b3S;;I;2;SAO PAULO;SP;09/2000;72;63;31;28;42;4;0;0
CCMF DO GRUPO HIDROPLAS;68986330;b3S;;I;2;BOTUCATU;SP;09/2000;71;56;7;0;65;-1;0;0
CECME ESTABELECIMENTO BANCARIOS UBERABA LTDA.;1408563;b3S;;I;2;UBERABA;MG;09/2000;69;40;8;0;60;-4;0;0
CECMS DO INSTITUTO NAUTICO BRASILEIRO-INABRA LTDA;83332627;b3S;;I;2;BELEM;PA;09/2000;68;28;16;13;53;-1;0;0
CECME DA EATON, LTDA;43553049;b3S;;I;2;SAO JOSE DOS CAMPOS;SP;09/2000;67;61;3;0;65;3;0;0
CECM DOS POLICIAIS MILITARES DO ESTADO DO ACRE - CREDMAC;3528402;b3S;;I;2;RIO BRANCO;AC;09/2000;67;40;20;7;47;-2;0;0
CCR DO VALE DO ITAPICURU LTDA;3921543;b3S;;I;2;SANTALUZ;BA;09/2000;66;0;31;30;35;-2;0;0
CECME FUNDACAO ARTHUR BERNARDES LTDA;2738981;b3S;;I;2;VICOSA;MG;09/2000;64;60;0;0;64;6;0;0
CECMT EM CONSELHOS DE FISCALIZ. PROFISSIONAL NO EST. DO RJ;2850075;b3S;;I;2;RIO DE JANEIRO;RJ;09/2000;63;58;15;13;48;5;0;0
COOPERATIVA DE ECONOMIA E CRÉDITO MÚTUO DOS EMPREGADOS DE EMPRESAS DE FRUTICULTURA DO VALE DO ASSU - FRUCREDI;40767550;b3S;;I;2;ACU;RN;09/2000;63;10;6;0;57;1;0;0
CCRIS DE MAGUEIRINHA - CRESOL MANGUEIRINHA;2961072;b3S;;I;2;MANGUEIRINHA;PR;09/2000;61;40;45;43;16;-4;0;0
CECMF DA INSTITUICAO MOURA LACERDA;67251272;b3S;;I;2;RIBEIRAO PRETO;SP;09/2000;61;49;0;0;61;2;0;0
CECM DOS OPERARIOS DE FORJAS TAURUS S.A., LTDA;90560434;b3S;;I;2;PORTO ALEGRE;RS;09/2000;60;40;24;13;37;3;0;0
COOPERDADOS CECME EMPRESA PROCESSAMENTO DADOS DO PARA LTDA;83383042;b3S;;I;2;BELEM;PA;09/2000;60;47;16;0;44;6;0;0
CECME DA CONAB LTDA;1251552;b3S;;I;2;BRASILIA;DF;09/2000;59;13;725;697;-666;-147;0;0
CCMS PUBLICOS DE PLANALTO;3249640;b3S;;I;2;PLANALTO;PR;09/2000;58;23;53;52;5;2;0;0
CCECM DAS UNICREDS DO ESTADO DE MATO GROSSO DO SUL LTDA;2588604;b3C;;I;2;CAMPO GRANDE;MS;09/2000;57;0;10;0;47;0;0;0
CECM DOS FUNCIONARIOS DA EVANIL - COOFE;2825208;b3S;;I;2;NOVA IGUACU;RJ;09/2000;55;28;1;0;54;2;0;0
CECMS DA SSP DO ESTADO DO RIO GRANDE DO NORTE LTDA -CREDIPOL;2382755;b3S;;I;2;NATAL;RN;09/2000;55;43;52;49;3;-8;0;0
CECME DA SANTA MARINA LITORAL;45077435;b3S;;I;2;SAO VICENTE;SP;09/2000;55;39;1;0;54;3;0;0
CECMT PORTUARIOS ESTIVADORES NO ESTADO DO ES - CREDESTIVA;3844699;b3S;;I;2;VITORIA;ES;09/2000;55;0;17;2;38;6;0;0
CECMS DO SISTEMA FECOMERCIO DO DISTRITO FEDERAL;2758657;b3S;;I;2;BRASILIA;DF;09/2000;54;48;32;30;22;-3;0;0
CCR DOS PRODUTORES DE CANA DE SERGIPE LTDA;15614555;b3S;;I;2;ARACAJU;SE;09/2000;54;49;2;2;52;-1;0;0
CECMS DA AERONAUTICA NA REGIAO METROPOLITANA BELEM-PA LTDA;1732003;b3S;;I;2;BELEM;PA;09/2000;53;45;18;13;36;-7;0;0
CECM DOS COLABORADORES DO GRUPO HELIO ALONSO-COOPERHA;2786691;b3S;;I;2;RIO DE JANEIRO;RJ;09/2000;53;19;2;1;51;2;0;0
CECMF DA ATLAS VEICULOS;2784248;b3S;;I;2;BELEM;PA;09/2000;47;34;36;34;11;-4;0;0
CCMF DA JUNTA COMERCIAL DO ESTADO DA PARAIBA LTDA;2380717;b3S;;I;2;JOAO PESSOA;PB;09/2000;46;26;27;15;19;0;0;0
CECME EM ESTAB. PRIVADOS DE ENSINO DO MUNICIPIO RJ LTDA.;3011222;b3S;;I;2;RIO DE JANEIRO;RJ;09/2000;45;27;34;33;11;-3;0;0
CECME DA CAIO;57542409;b3S;;I;2;BOTUCATU;SP;09/2000;44;1.094;150;0;-107;-7;0;0
CECM DOS PANIFICADORES DE NATAL - CREDIPAN;2902475;b3S;;I;2;NATAL;RN;09/2000;43;33;6;6;37;1;0;0
CECM DOS SERV. PUB. EST. DO RS EM PORTO ALEGRE E GRANDE POA;3973814;b3S;;I;2;PORTO ALEGRE;RS;09/2000;41;18;2;1;39;2;0;0
CECM ADVOGADOS DE JUIZ DE FORA LTDA;2223743;b3S;;I;2;JUIZ DE FORA;MG;09/2000;41;32;5;0;36;0;0;0
CCMC DE VESTUARIOS DE FRANCA CRED-ACIF;4013172;b3S;;I;2;FRANCA;SP;09/2000;40;0;4;2;37;1;0;0
CC POPULAR DE GRAVATA LTDA;10350684;b3S;;I;2;GRAVATA;PE;09/2000;40;4;11;10;30;0;0;0
CECMF DA CONSTRUCAO CIVIL DO EST.DO ESPIRITO SANTO-CREDICON;2577030;b3S;;I;2;VITORIA;ES;09/2000;40;22;42;38;-2;-11;0;0
CECME EMPRESAS RODOVIARIAS LOCAL.GRANDE VITORIA - RODOCAIXA;3880529;b3S;;I;2;VITORIA;ES;09/2000;40;5;10;3;30;-6;0;0
CECM DOS CIRURGIOES DENTISTAS DE S.PAULO LTDA.-ODONTOCRED;1126867;b3S;;I;2;SAO PAULO;SP;09/2000;39;4;4;0;35;1;0;0
CECMC SINDICATO EMPR.ESTAB.BANCARIOS EM BH LTDA.;19844133;b3S;;I;2;BELO HORIZONTE;MG;09/2000;38;21;8;0;31;1;0;0
CECM DOS EMPREGADOS DE INDUSTRIAS SINIMBU LTDA;3380593;b3S;;I;2;NOVA FRIBURGO;RJ;09/2000;38;26;0;0;38;2;0;0
CECME COOP E ENTIDADES COOPERATIVISTAS BELEM DO PARA LTDA;83326900;b3S;;I;2;BELEM;PA;09/2000;38;31;4;0;34;1;0;0
CECM DOS LOJISTAS DO VESTUARIO E CONFECCOES DE CUIABA;4019608;b3S;;I;2;CUIABA;MT;09/2000;37;0;0;0;37;0;0;0
CECMT NAS IND.QUIM.FARMAC.E SIMILARES DO SUL FLUMINENSE LTDA;3780968;b3S;;I;2;BARRA MANSA;RJ;09/2000;37;0;0;0;37;0;0;0
CCR DE MAIRI LTDA. - SICOOB - COOPEMAR;4174720;b3S;;I;2;MAIRI;BA;09/2000;35;0;0;0;35;0;0;0
COOPERATIVA DE ECONOMIA E CRÉDITO MÚTUO DOS COMERCIANTES DE CONFECÇÃO DO VESTUÁRIO DA REGIÃO DE CURVELO LTDA;3962327;b3S;;I;2;CURVELO;MG;09/2000;35;0;0;0;35;0;0;0
CECM DOS MEDICOS E PROF. DA AREA DE SAUDE DA BAHIA LTDA.;4055755;b3S;;I;2;SALVADOR;BA;09/2000;35;0;1;0;34;-1;0;0
CECMS SECRET. DA FAZ. DO ESTADO DA BAHIA LTDA - COOPERFISCO;4321309;b3S;;I;2;SALVADOR;BA;09/2000;35;0;0;0;35;0;0;0
CECME COOPERATIVA AGRO-PECUARIA DE CURVELO LTDA.;18886986;b3S;;I;2;CURVELO;MG;09/2000;34;18;1;0;33;2;0;0
CECMS DA SECRET. DE JUSTICA E INTERIOR DO ESTADO DO RJ LTDA;2910389;b3S;;I;2;RIO DE JANEIRO;RJ;09/2000;34;22;28;26;6;-4;0;0
CECM DOS CORRETORES DE SEGUROS E DE CAPITALIZACAO DO RJ LTDA;3930587;b3S;;I;2;RIO DE JANEIRO;RJ;09/2000;32;0;0;0;32;-3;0;0
CECME GRUPO PAIVA FERREIRA LTDA.;20833992;b3S;;I;2;BELO HORIZONTE;MG;09/2000;32;9;0;0;32;0;0;0
CECMF DA USINA MOEMA ACUCAR E ALCOOL LTDA;62158035;b3S;;I;2;ORINDIUVA;SP;09/2000;32;0;291;0;-259;0;0;0
CECMS MUNICIPAIS DE SANTOS-COOPERCRED SANTOS;2376656;b3S;;I;2;SANTOS;SP;09/2000;30;21;26;25;4;-7;0;0
CECMS DA SECRETARIA DE SEGURANCA PUBLICA DO ESTADO DO ES;3437037;b3S;;I;2;VILA VELHA;ES;09/2000;30;0;13;11;17;1;0;0
CECMF COLABORADORES DO HOSPITAL DOM BOSCO LTDA.;25669821;b3S;;I;2;BELO HORIZONTE;MG;09/2000;30;12;13;8;16;0;0;0
COOPERATIVA DE ECONOMIA E CRÉDITO MÚTUO DOS EMPREGADOS DA FÁBRICA MARIA AMÁLIA LTDA.;19992973;b3S;;I;2;CURVELO;MG;09/2000;29;8;25;0;5;-7;0;0
CECMS DA POLICIA MILITAR DO PARA, NA REG. METROP. BELEM LTDA;1618291;b3S;;I;2;ANANINDEUA;PA;09/2000;29;9;1;0;29;-3;0;0
COOPERATIVA DE ECONOMIA E CREDITO MUTUO DOS EMPREGADOS DA USINA BARCELOS LTDA;28901841;b3S;;I;2;SAO JOAO DA BARRA;RJ;09/2000;27;13;0;0;27;5;0;0
CECMF DA SANTA CASA DE CASTELO LTDA;39359450;b3S;;I;2;CASTELO;ES;09/2000;25;24;4;0;21;0;0;0
CECMF DA COLABA;96405741;b3S;;I;2;BATATAIS;SP;09/2000;24;9;3;0;21;0;0;0
CC DOS BANCARIOS DE SAO PAULO E MUNIC LIMITROFES - BANCREDI;3422007;b3S;;I;2;SAO PAULO;SP;09/2000;22;20;7;7;15;2;0;0
CECMS PUBLICOS MUNICIPAIS CONTAGEM LTDA.;2407689;b3S;;I;2;CONTAGEM;MG;09/2000;21;0;0;0;21;0;0;0
CECME DA FIACAO E TECELAGEM SAO JOSE DO NORDESTE LTDA.;11610128;b3S;;I;2;JABOATAO DOS GUARARAPES;PE;09/2000;19;11;0;0;19;0;0;0
CECMF DA CIA CATARINENSE DE CIMENTO PORTLAND LTDA;76701812;b3S;;I;2;ITAJAI;SC;09/2000;15;15;1;0;14;1;0;0
CECMS PUBLICOS DO ESTADO DE SAO PAULO - CREDIPAULISTA;3139644;b3S;;I;2;SAO PAULO;SP;09/2000;14;0;13;0;1;-1;0;0
CECMF DO HOSPITAL EVANGELICO DE CACHOEIRO DE ITAPEMIRIM;3264831;b3S;;I;2;CACHOEIRO DE ITAPEMIRIM;ES;09/2000;13;10;4;4;9;-2;0;0
CREDFORT-COOPERATIVA DE FOMENTO AO CREDITO DE FORTALEZA LTDA;7201122;b3S;;I;2;FORTALEZA;CE;09/2000;13;5;64;60;-51;0;0;0
CCM DOS COMERCIANTES DE CONFECCOES DE CUPIRA;2426053;b3S;;I;2;CUPIRA;PE;09/2000;13;8;3;0;10;-2;0;0
CCR DE BARRACAO;3285967;b3S;;I;2;BARRACAO;PR;09/2000;12;0;8;8;4;2;0;0
CCM DOS CORRETORES DE IMOVEIS DE JOAO PESSOA - CREDICOLIBRI;2406781;b3S;;I;2;JOAO PESSOA;PB;09/2000;11;3;7;0;4;-1;0;0
CECME DA USINA QUISSAMAN LTDA;29115607;b3S;;I;2;MACAE;RJ;09/2000;10;4;1;0;9;1;0;0
CECMS DA DEL.FED. DE AGR. DO MINISTERIO DA AGRICULTURA,EM PA;87502241;b3S;;I;2;PORTO ALEGRE;RS;09/2000;10;2;0;0;10;3;0;0
CCMF DA ENCOM ENGENHARIA - CREDENCOM;3361439;b3S;;I;2;BRASILIA;DF;09/2000;10;1;1;0;9;0;0;0
CECMAM DA REGIAO DE SAO J BOA VISTA - ALCRED LESTE PAULISTA;3001648;b3S;;I;2;SAO JOAO DA BOA VISTA;SP;09/2000;8;0;0;0;8;0;0;0
CECM DOS EMPREGADOS DA CELUCAT LTDA;29808169;b3S;;I;2;MENDES;RJ;09/2000;8;5;1;0;7;-1;0;0
CECMS PUBL.MILITARES E DEFESA CIVIL NO ESTADO DO RJ-CREDIBOM;3626764;b3S;;I;2;RIO DE JANEIRO;RJ;09/2000;6;0;0;0;6;-23;0;0
CECMS UNIVERSIDADE ESTADUAL DO SUDOESTE BAHIA - UESB;3606488;b3S;;I;2;VITORIA DA CONQUISTA;BA;09/2000;5;0;0;0;5;0;0;0
CECM BANCARIOS DE ARAXA E CIDADES LIMITROFES LTDA;1348954;b3S;;I;2;SACRAMENTO;MG;09/2000;5;2;2;2;3;1;0;0
CCE DAS EMPRESAS FERROVIARIAS DE SAO PAULO - COOPERFER;3219065;b3S;;I;2;SAO PAULO;SP;09/2000;5;1;0;0;5;0;0;0
CECMT SEGUROS DE BH REGIAO METROPOLITANA LTDA.;2516826;b3S;;I;2;BELO HORIZONTE;MG;09/2000;3;3;0;0;3;0;0;0
CECM DOS TAXISTAS E SIMILARES DE BELEM DO PARA LTDA.;83899013;b3S;;I;2;BELEM;PA;09/2000;3;0;1;0;2;0;0;0
COOPERATIVA DE CREDITO MUTUO DOS SERVIDORES PUBLICOS ESTADUAIS DE LONDRINA E REGIAO;3711697;b3S;;I;2;LONDRINA;PR;09/2000;3;0;0;0;3;0;0;0
CECMS DO SETOR PUBLICO AGRICOLA DO ESTADO DO RN;1315606;b3S;;I;2;NATAL;RN;09/2000;3;0;1;0;2;0;0;0
CECMS PUBLICOS ESTADO DE MINAS GERAIS LTDA.;3023722;b3S;;I;2;BELO HORIZONTE;MG;09/2000;1;0;0;0;1;0;0;0
CECMS DA SECRETARIA DE EDUCACAO DO DF - CREDSEC;3323621;b3S;;I;2;BRASILIA (TAGUATINGA);DF;09/2000;1;0;0;0;1;0;0;0
CCMS DO MINISTERIO DA SAUDE NO PARA - COOSEMS;4160724;b3S;;I;2;BELEM;PA;09/2000;0;0;0;0;0;1;0;0
CECMF DA SIVAT LTDA;96321245;b3S;;I;2;SALTO;SP;09/2000;NI;NI;NI;NI;NI;NI;0;0
NOVOSINOS S/A DISTRIBUIDORA DE TITULOS E VALORES MOBILIARIOS;91669739;n2;;I;2;NOVO HAMBURGO;RS;09/2000;NI;NI;NI;NI;NI;NI;1;0
CCR HORIZONTINA LTDA;90524968;b3S;;I;2;HORIZONTINA;RS;09/2000;NI;NI;NI;NI;NI;NI;0;0
CCR SANTA LUCIA;81352643;b3S;;I;2;DESCANSO;SC;09/2000;NI;NI;NI;NI;NI;NI;0;0
CECM DOS MEDICOS DE CRUZEIRO LTDA;71846638;b3S;;I;2;CRUZEIRO;SP;09/2000;NI;NI;NI;NI;NI;NI;0;0
CECM MEDICOS CATANDUVA E MUNIC.LIMITROFES LTDA;71653687;b3S;;I;2;CATANDUVA;SP;09/2000;NI;NI;NI;NI;NI;NI;0;0
EQUALIZA - CORRETORA DE CAMBIO LTDA;68880202;n2;;I;2;SAO PAULO;SP;09/2000;NI;NI;NI;NI;NI;NI;1;0
CAC -COOPERATIVA REGIONAL DE CREDITO RURAL;62370119;b3S;;I;2;SAO PAULO;SP;09/2000;NI;NI;NI;NI;NI;NI;0;0
CECME DA RHODIA QUIMICA;57566101;b3S;;I;2;SANTO ANDRE;SP;09/2000;NI;NI;NI;NI;NI;NI;0;0
CCR DE ITAOCARA LTDA.;39416383;b3S;;I;2;ITAOCARA;RJ;09/2000;NI;NI;NI;NI;NI;NI;0;0
CCR DOS PRODUTORES DO BAIXO PARNAIBA LTDA;35135185;b3S;;I;2;PARNAIBA;PI;09/2000;NI;NI;NI;NI;NI;NI;0;0
CECMC DA CIA FEDERAL DE FUNDICAO RESPONSABILIDADE LTDA;33370271;b3S;;I;2;RIO DE JANEIRO;RJ;09/2000;NI;NI;NI;NI;NI;NI;0;0
CECME DAS EMPRESAS PAMAR PARTICIPACOES LTDA;32307761;b3S;;I;2;RIO DE JANEIRO;RJ;09/2000;NI;NI;NI;NI;NI;NI;0;0
CCR AGROPECUARISTAS DE ITURAMA LTDA;26339895;b3S;;I;2;ITURAMA;MG;09/2000;NI;NI;NI;NI;NI;NI;0;0
CC PLANTADORES CANA E PRODUTORES RURAIS DE PASSOS LTDA;25387697;b3S;;I;2;PASSOS;MG;09/2000;NI;NI;NI;NI;NI;NI;0;1
CECME CIA SIDERURG. BELGO MINEIRA SABARA LTDA;24318107;b3S;;I;2;SABARA;MG;09/2000;NI;NI;NI;NI;NI;NI;0;0
CECME MANGELS MINAS INDUSTRIAL S.A.,LTDA.;19363019;b3S;;I;2;TRES CORACOES;MG;09/2000;NI;NI;NI;NI;NI;NI;0;0
CECME DA CASA ARTHUR HAAS COM. IND. LTDA;18776484;b3S;;I;2;BELO HORIZONTE;MG;09/2000;NI;NI;NI;NI;NI;NI;0;0
CECME DA USIMINAS E EMPRESAS SUBSIDIARIAS LTDA;17337304;b3S;;I;2;BELO HORIZONTE;MG;09/2000;NI;NI;NI;NI;NI;NI;0;0
BANCO MARKA S.A.;15207244;b2;;I;2;RIO DE JANEIRO;RJ;09/2000;NI;NI;NI;NI;NI;NI;2;0
CECME DA SOCIEDADE COMERCIAL MESSIAS LTDA;13861224;b3S;;I;2;ITABUNA;BA;09/2000;NI;NI;NI;NI;NI;NI;0;0
CCR DE CAPELA LTDA;12214979;b3S;;I;2;CAPELA;AL;09/2000;NI;NI;NI;NI;NI;NI;0;0
CCR COM INTERACAO SOLIDARIA DE PORTO XAVIER;5442759;b3S;;I;2;PORTO XAVIER;RS;09/2000;NI;NI;NI;NI;NI;NI;0;0
CECMT EMPRESAS TRANSP. RODOVIARIOS DE PATOS DE MINAS;3045785;b3S;;I;2;PATOS DE MINAS;MG;09/2000;NI;NI;NI;NI;NI;NI;0;0
CECM DOS CONFEC.TEXTEIS CONG.URBANO DA GRANDE FLORIANOPOLIS.;2739989;b3S;;I;2;SAO JOSE;SC;09/2000;NI;NI;NI;NI;NI;NI;0;0
CCS PUBLICOS E AUTARQUICOS MUNICIPAIS DE DIADEMA;1196238;b3S;;I;2;DIADEMA;SP;09/2000;NI;NI;NI;NI;NI;NI;0;0
LAVRA;49920;b1;;I;2;SAO PAULO;SP;09/2000;NI;NI;NI;NI;NI;NI;0;0
PONTUAL;20224;b2;;I;2;;;09/2000;NI;NI;NI;NI;NI;NI;0;0
