Instituição;Código;TCB;SR;TD;TC;Cidade;UF;Data;Captações;Captações - Depósitos de Poupança (a2);Captações - Depósitos Interfinanceiros (a3);Captações - Depósitos a Prazo (a4);Captações - Outros Depósitos (a5);Captações - Depósito Total (a);Captações - Obrigações por Operações Compromissadas (b);Captações - Letras de Crédito Imobiliário (c1);Captações - Letras de Crédito do Agronegócio (c2);Captações - Letras Financeiras (c3);Captações - Obrigações por Títulos e Valores Mobiliários no Exterior (c4);Captações - Outros Recursos de Aceites e Emissão de Títulos (c5);Captações - Recursos de Aceites e Emissão de Títulos (c);Captações - Obrigações por Empréstimos e Repasses (d);Captações - Captações (e) = (a) + (b) + (c) + (d);Instrumentos Derivativos (f);Outras Obrigações (g);Passivo Circulante e Exigível a Longo Prazo (h) = (e) + (f) + (g);Resultados de Exercícios Futuros (i);Patrimônio Líquido (j);Passivo Total (k) = (h) + (i) + (j)
BB;49906;b1;;C;1;BRASILIA;DF;03/2006;28.620.500;32.975.353;5.261.900;55.553.216;16.783.595;139.194.563;42.757.581;0;0;0;563.786;0;563.786;17.083.954;199.599.883;1.446.247;44.248.871;245.295.001;130.873;19.209.052;264.634.926
CAIXA ECONOMICA FEDERAL;360305;b1;;I;1;BRASILIA;DF;03/2006;6.900.077;53.755.648;0;42.136.573;7.824.866;110.617.164;28.279.913;0;0;0;0;8.180.595;8.180.595;13.729.878;160.807.551;131.817;19.915.360;180.854.728;0;8.519.750;189.374.478
BRADESCO;10045;b1;;C;2;OSASCO;SP;03/2006;16.283.517;25.560.295;128.014;32.329.447;259.228;74.560.501;24.434.275;0;0;0;2.730.792;3.556.383;6.287.175;15.610.884;120.892.834;1.128.412;30.111.614;152.132.861;71.814;20.391.511;172.596.186
BANCO NACIONAL DE DESENVOLVIMENTO ECONOMICO E SOCIAL;33657248;b4;;I;1;RIO DE JANEIRO;RJ;03/2006;375.338;0;0;0;21.256.900;21.632.238;0;0;0;0;0;0;0;38.552.671;60.184.910;102.116;94.449.053;154.736.079;0;17.107.262;171.843.340
ITAU;10069;b1;;C;2;SAO PAULO;SP;03/2006;11.931.677;19.203.957;800.458;20.304.272;604.436;52.844.800;23.700.881;0;0;0;3.522.391;2.856.981;6.379.372;7.956.398;90.881.450;2.280.161;45.277.275;138.438.887;56.580;19.125.839;157.621.306
SANTANDER BANESPA;30379;b1;;C;3;SAO PAULO;SP;03/2006;3.763.922;4.732.498;63.435;20.810.245;106.222;29.476.321;30.838.409;0;0;0;1.425.107;31.339;1.456.446;7.869.931;69.641.107;1.309.114;20.842.978;91.793.199;40.295;8.174.494;100.007.988
UNIBANCO;10100;b1;;C;2;SAO PAULO;SP;03/2006;4.087.422;5.247.986;3.744;28.996.032;6.713;38.341.897;12.818.814;0;0;0;943.656;534.760;1.478.416;9.162.029;61.801.157;988.690;15.201.968;77.991.815;26.899;9.643.448;87.662.162
ABN AMRO;10076;b1;;C;3;SAO PAULO;SP;03/2006;5.462.680;7.053.185;463.035;36.291.293;130.475;49.400.668;3.325.851;0;0;0;1.680.949;482.108;2.163.057;4.344.013;59.233.589;725.783;10.971.180;70.930.551;20.640;9.442.943;80.394.134
HSBC;51152;b1;;C;3;CURITIBA;PR;03/2006;3.832.167;1.651.991;46.170;24.525.409;23.498;30.079.235;5.077.007;0;0;0;121.224;0;121.224;3.216.022;38.493.487;907.674;10.042.109;49.443.271;6.366;3.650.623;53.100.260
SAFRA;10083;b1;;C;2;SAO PAULO;SP;03/2006;1.284.276;406.816;842.495;7.765.506;19.799;10.318.892;16.075.880;0;0;0;3.863.203;32.953;3.896.156;3.480.595;33.771.522;4.828.610;9.434.110;48.034.242;13.513;4.097.846;52.145.601
VOTORANTIM;51011;b1;;C;2;SAO PAULO;SP;03/2006;79.365;0;3.644.510;17.960.309;253;21.684.436;10.876.687;0;0;0;216.323;0;216.323;3.487.122;36.264.568;5.315.293;1.994.413;43.574.275;15.971;4.872.553;48.462.799
BANCO NOSSA CAIXA S.A.;43073394;b1;;I;1;SAO PAULO;SP;03/2006;1.659.060;7.811.985;0;15.040.229;22.198;24.533.471;3.843.611;0;0;0;0;20.959;20.959;357.090;28.755.132;0;3.515.810;32.270.942;7;2.493.485;34.764.435
CITIBANK;30403;b1;;C;3;SAO PAULO;SP;03/2006;1.155.387;115.722;635.087;3.265.750;85.258;5.257.204;982.999;0;0;0;0;0;0;3.019.300;9.259.504;1.920.522;12.458.830;23.638.856;34.176;3.156.024;26.829.055
BANKBOSTON;30300;b1;;C;3;SAO PAULO;SP;03/2006;1.671.602;940.636;350.868;1.938.214;67.195;4.968.516;4.034.803;0;0;0;299.437;27.575;327.012;3.373.544;12.703.875;622.225;7.656.408;20.982.507;4.265;2.054.925;23.041.698
BANRISUL;30173;b1;;C;1;PORTO ALEGRE;RS;03/2006;879.755;3.325.152;125.608;4.772.290;11.034;9.113.839;1.013.597;0;0;0;0;0;0;604.058;10.731.494;5.607;1.890.152;12.627.253;474;1.197.501;13.825.228
PACTUAL;49944;b1;;C;2;RIO DE JANEIRO;RJ;03/2006;242.934;0;19.565;1.349.856;1.297;1.613.652;7.690.483;0;0;0;138.773;0;138.773;1.844;9.444.753;382.198;2.280.543;12.107.494;1.892;982.209;13.091.596
BANCO DO NORDESTE DO BRASIL S.A.;7237373;b1;;I;1;FORTALEZA;CE;03/2006;55.706;518.175;55.952;826.866;1.069.387;2.526.087;185.951;0;0;0;0;0;0;2.399.152;5.111.191;0;5.857.468;10.968.659;1.880;1.464.900;12.435.439
BBM;30207;b1;;C;2;SALVADOR;BA;03/2006;37.851;0;296.200;1.573.046;5.560;1.912.657;3.987.948;0;0;0;0;0;0;579.243;6.479.849;15.506;4.655.146;11.150.501;819;563.268;11.714.588
JP MORGAN CHASE;20107;b1;;C;3;SAO PAULO;SP;03/2006;25.129;0;0;454.226;3;479.359;3.759.158;0;0;0;0;0;0;1.520.680;5.759.196;2.793.897;1.612.993;10.166.087;792;1.433.511;11.600.390
FIBRA;49951;b1;;C;2;SAO PAULO;SP;03/2006;54.831;0;143.977;1.106.084;553;1.305.444;8.150.530;0;0;0;427.766;0;427.766;460.309;10.344.049;12.734;194.425;10.551.208;2.648;416.040;10.969.896
DEUTSCHE;51183;b1;;C;3;SAO PAULO;SP;03/2006;29.387;0;0;207.678;0;237.066;2.041.025;0;0;0;1.170.811;0;1.170.811;1.339.757;4.788.659;1.079.124;4.456.136;10.323.919;752;465.799;10.790.470
CREDIT SUISSE;30771;b1;;C;3;SAO PAULO;SP;03/2006;18.029;0;369.197;1.605.418;50;1.992.694;3.276.738;0;0;0;218.505;0;218.505;6.463;5.494.399;270.331;3.929.630;9.694.360;26;1.036.273;10.730.660
ALFA;51293;b1;;C;2;SAO PAULO;SP;03/2006;31.069;0;277.597;3.342.097;403;3.651.166;2.532.965;0;0;0;159.925;140.687;300.612;1.030.609;7.515.352;510.571;838.479;8.864.402;911;1.237.946;10.103.260
BNP PARIBAS;51516;b1;;C;3;SAO PAULO;SP;03/2006;8.340;0;1.287.908;937.498;2.056;2.235.803;1.150.536;0;0;0;130.312;0;130.312;516.486;4.033.137;907.439;3.813.134;8.753.710;1.631;793.047;9.548.388
BIC;32119;b1;;C;2;SAO PAULO;SP;03/2006;51.243;85.446;49.232;1.807.484;970;1.994.376;2.946.779;0;0;0;440.441;22.214;462.656;813.458;6.217.268;44.502;264.787;6.526.557;34.559;535.732;7.096.849
VOLKSWAGEN;30764;b2;;C;3;SAO PAULO;SP;03/2006;0;0;2.550.955;401.898;0;2.952.853;0;0;0;0;0;0;0;1.447.843;4.400.696;0;500.810;4.901.506;26.117;728.414;5.656.037
BANESTES;30159;b1;;C;1;VITORIA;ES;03/2006;403.511;824.464;0;1.330.319;350;2.558.645;1.346.469;0;0;0;0;108.343;108.343;271.131;4.284.588;17;481.913;4.766.518;1.589;300.323;5.068.430
BANCO DA AMAZONIA S.A.;4902979;b1;;I;1;BELEM;PA;03/2006;255.171;152.751;0;422.558;36.575;867.055;129.826;0;0;0;0;0;0;395.130;1.392.012;0;1.659.645;3.051.657;0;1.647.903;4.699.559
MERCANTIL DO BRASIL;20152;b1;;C;2;BELO HORIZONTE;MG;03/2006;346.822;179.603;4.700;1.992.162;1.040;2.524.328;592.423;0;0;0;237.848;0;237.848;155.980;3.510.579;47.557;337.845;3.895.980;1.702;515.025;4.412.708
BANCO RABOBANK INTERNATIONAL BRASIL S.A.;1023570;b1;;I;3;SAO PAULO;SP;03/2006;210;0;169.266;610.781;4;780.260;471.801;0;0;0;0;0;0;2.201.084;3.453.145;15.113;554.554;4.022.811;7;228.145;4.250.964
BESC;30245;b1;;C;1;FLORIANOPOLIS;SC;03/2006;421.590;1.428.879;161;493.554;2.571;2.346.756;1.012.631;0;0;0;0;0;0;45.355;3.404.742;0;519.035;3.923.777;0;298.800;4.222.577
ING;51073;b1;;C;3;SAO PAULO;SP;03/2006;53.624;0;75.317;886.765;0;1.015.706;1.484.997;0;0;0;0;0;0;120.880;2.621.582;129.109;1.157.651;3.908.342;146;191.784;4.100.272
BMG;30290;b1;;C;2;BELO HORIZONTE;MG;03/2006;5.811;0;35.117;742.417;0;783.345;233.075;0;0;0;1.309.865;0;1.309.865;117.452;2.443.737;158.253;484.725;3.086.716;0;859.800;3.946.516
BANCO CNH CAPITAL S.A.;2992446;b2;;I;3;CURITIBA;PR;03/2006;0;0;4.043;186.013;0;190.056;0;0;0;0;0;0;0;2.926.343;3.116.399;0;51.299;3.167.698;87.733;566.682;3.822.113
BANCO REGIONAL DE DESENVOLVIMENTO DO EXTREMO SUL;92816560;b4;;I;1;PORTO ALEGRE;RS;03/2006;0;0;0;0;0;0;0;0;0;0;0;0;0;2.744.921;2.744.921;0;166.566;2.911.486;0;734.210;3.645.696
BANCO COOPERATIVO SICREDI S.A.;1181521;b1;;I;2;PORTO ALEGRE;RS;03/2006;10.290;66.652;386.754;526.508;1;990.205;1.726.616;0;0;0;0;0;0;451.736;3.168.556;0;76.334;3.244.890;7;99.065;3.343.963
CRUZEIRO DO SUL;50720;b1;;C;2;SAO PAULO;SP;03/2006;15.238;0;25.866;357.945;1.258;400.308;1.991.703;0;0;0;359.812;11.388;371.200;1.101;2.764.312;163.556;86.768;3.014.637;171;176.702;3.191.510
BANCO GMAC S/A;59274605;b2;;I;3;SAO PAULO;SP;03/2006;0;0;1.556.721;200.528;0;1.757.249;0;0;0;0;0;0;0;736;1.757.985;0;723.181;2.481.166;34.918;602.507;3.118.591
ABC-BRASIL;41856;b1;;C;3;SAO PAULO;SP;03/2006;48.800;0;15.597;1.173.814;11;1.238.222;51.733;0;0;0;26.294;0;26.294;721.628;2.037.877;180.938;356.473;2.575.288;2.170;410.449;2.987.907
SS;31323;b1;;C;2;SAO PAULO;SP;03/2006;15.242;0;228.482;1.261.313;862;1.505.899;47.793;0;0;0;131.193;114.591;245.784;0;1.799.475;43;701.858;2.501.377;0;417.516;2.918.893
DAIMLERCHRYSLER;51262;b2;;C;3;SAO PAULO;SP;03/2006;0;0;447.027;0;0;447.027;0;0;0;0;0;0;0;1.684.055;2.131.082;35.460;234.691;2.401.233;7.310;409.516;2.818.059
BANCO COOPERATIVO DO BRASIL S.A. - BANCOOB;2038232;b1;;I;2;BRASILIA;DF;03/2006;5.740;61.372;286.764;579.512;152;933.540;979.948;0;0;0;0;0;0;401.554;2.315.042;0;255.588;2.570.630;255;81.943;2.652.828
BMC;30276;b1;;C;2;SAO PAULO;SP;03/2006;16.283;0;16.133;563.722;1;596.139;1.296.006;0;0;0;16.947;0;16.947;152.524;2.061.617;421;235.010;2.297.047;230;253.477;2.550.754
BANCO IBI S.A. - BANCO MÚLTIPLO;4184779;b1;;I;3;BARUERI;SP;03/2006;4.732;0;136.022;804.959;1;945.714;0;0;0;0;0;0;0;110.336;1.056.051;11.752;895.045;1.962.848;53.676;413.353;2.429.877
BRB;31976;b1;;C;1;BRASILIA;DF;03/2006;299.378;502.100;13.585;906.350;7.488;1.728.901;21.015;0;0;0;0;56.337;56.337;23.708;1.829.962;958;278.595;2.109.515;332;291.286;2.401.133
BES;51482;b2;;C;3;SAO PAULO;SP;03/2006;0;0;0;1.010.708;0;1.010.708;135.093;0;0;0;0;0;0;0;1.145.801;10.723;1.035.519;2.192.043;0;98.988;2.291.031
BANCO CLASSICO S.A.;31597552;b1;;I;2;RIO DE JANEIRO;RJ;03/2006;580;0;0;0;0;580;0;0;0;0;0;0;0;0;580;0;161.251;161.831;0;2.038.165;2.199.996
BANCO WESTLB DO BRASIL S.A.;61088183;b1;;I;3;SAO PAULO;SP;03/2006;2.741;0;8.000;407.463;1;418.205;396.089;0;0;0;62.161;0;62.161;72.045;948.501;162.833;806.388;1.917.722;31;181.614;2.099.368
RURAL;31244;b1;;C;2;BELO HORIZONTE;MG;03/2006;163.446;10.618;0;872.610;10.288;1.056.962;111.797;0;0;0;0;0;0;195.731;1.364.491;0;352.438;1.716.929;24.691;351.622;2.093.241
MORGAN STANLEY;51413;b1;;C;3;SAO PAULO;SP;03/2006;0;0;0;0;0;0;649.497;0;0;0;0;0;0;0;649.497;292.168;623.059;1.564.724;0;488.293;2.053.017
PINE;50304;b1;;C;2;SAO PAULO;SP;03/2006;26.610;0;88.278;404.378;1;519.266;763.101;0;0;0;105.515;0;105.515;234.437;1.622.319;7.128;33.024;1.662.471;482;218.469;1.881.422
BANCO DE LAGE LANDEN BRASIL S.A.;5040481;b2;;I;3;PORTO ALEGRE;RS;03/2006;0;0;0;0;0;0;18.889;0;0;0;0;0;0;1.504.998;1.523.887;1.095;52.131;1.577.113;0;268.504;1.845.616
SOFISA;31873;b1;;I;2;SAO PAULO;SP;03/2006;75.467;0;82.987;930.540;35;1.089.029;11.860;0;0;0;66.989;0;66.989;17.097;1.184.975;628;365.500;1.551.103;0;284.005;1.835.108
BANCO DAYCOVAL S.A.;62232889;b1;;I;2;SAO PAULO;SP;03/2006;76.344;0;60.438;839.859;0;976.641;129.153;0;0;0;144.504;0;144.504;40.982;1.291.279;6.862;153.675;1.451.815;603;381.651;1.834.070
AMEX;51145;b1;;C;3;SAO PAULO;SP;03/2006;2.757;0;108.435;144.860;0;256.052;0;0;0;0;0;0;0;11.589;267.641;646;1.205.710;1.473.998;14.422;202.347;1.690.767
BANCO JOHN DEERE S.A.;91884981;b1;;I;3;PORTO ALEGRE;RS;03/2006;1.592;0;2.201;0;0;3.793;0;0;0;0;0;0;0;1.362.214;1.366.007;0;10.906;1.376.913;0;197.208;1.574.121
BANCO BGN S.A.;558456;b1;;I;2;RECIFE;PE;03/2006;35.721;0;309.907;262.598;0;608.226;636.291;0;0;0;110.742;0;110.742;11.734;1.366.993;37.272;34.359;1.438.624;0;118.737;1.557.360
BANCO DE DESENVOLVIMENTO DE MINAS GERAIS S.A.;38486817;b4;;I;1;BELO HORIZONTE;MG;03/2006;0;0;0;0;0;0;0;0;0;0;0;0;0;556.810;556.810;0;284.080;840.890;85;674.732;1.515.707
ASSOCIACAO DE POUPANCA E EMPRESTIMO - POUPEX;655522;n1;;I;2;BRASILIA;DF;03/2006;0;0;0;0;63.229;63.229;0;0;0;0;0;31.723;31.723;2.915;97.866;0;43.560;141.426;0;1.315.933;1.457.359
BANCO FIDIS DE INVESTIMENTO S.A.;62237425;b2;;I;3;BETIM;MG;03/2006;0;0;66.493;765.435;0;831.928;0;0;0;0;0;0;0;0;831.928;0;262.489;1.094.417;367;347.543;1.442.327
UBS;31103;b1;;C;3;RIO DE JANEIRO;RJ;03/2006;35.737;0;0;0;680;36.417;791.683;0;0;0;0;0;0;7.929;836.029;0;455.547;1.291.575;0;139.745;1.431.321
COOPERATIVA CENTRAL DE CRÉDITO DO RIO GRANDE DO SUL - CENTRAL SICREDI RS;87437687;b3C;;I;2;PORTO ALEGRE;RS;03/2006;90;0;0;0;0;90;0;0;0;0;0;0;0;0;90;0;1.371.057;1.371.147;612;58.594;1.430.353
SCHAHIN;50191;b1;;C;2;SAO PAULO;SP;03/2006;39.891;0;49.701;629.210;24;718.826;17.773;0;0;0;164.285;2.704;166.989;7.804;911.391;54.506;181.715;1.147.612;0;187.898;1.335.510
BANCO DO ESTADO DE SERGIPE S.A.;13009717;b1;;I;1;ARACAJU;SE;03/2006;283.938;210.485;29.276;348.281;114.946;986.926;92.810;0;0;0;0;0;0;27.520;1.107.255;2;51.156;1.158.413;25;107.107;1.265.545
BANCO IBM S.A.;34270520;b2;;I;3;RIO DE JANEIRO;RJ;03/2006;0;0;45.379;344.974;0;390.353;0;0;0;0;0;0;0;547.094;937.447;762;180.262;1.118.471;0;131.943;1.250.415
OPPORTUNITY;51107;b1;;C;2;RIO DE JANEIRO;RJ;03/2006;6.590;0;0;0;5;6.595;1.010.367;0;0;0;0;0;0;0;1.016.962;0;53.099;1.070.061;0;144.530;1.214.592
BRASCAN;50885;b1;;C;3;RIO DE JANEIRO;RJ;03/2006;6.335;0;37.842;247.967;450;292.593;401.052;0;0;0;0;0;0;8.923;702.568;250;198.554;901.372;16;295.364;1.196.752
MERRILL LYNCH;51255;b2;;C;3;SAO PAULO;SP;03/2006;0;0;77.856;274.828;0;352.685;121.803;0;0;0;0;0;0;0;474.488;113.673;330.119;918.280;0;246.090;1.164.369
DRESDNER;51059;b1;;C;3;SAO PAULO;SP;03/2006;75;0;45.539;244.489;0;290.104;25.206;0;0;0;64.053;0;64.053;0;379.363;126.846;366.900;873.110;17;271.246;1.144.373
CAIXA ESTADUAL S.A. - AGÊNCIA DE FOMENTO/RS;2885855;n1;;I;1;PORTO ALEGRE;RS;03/2006;0;0;0;0;0;0;0;0;0;0;0;0;0;688.325;688.325;334;64.306;752.965;0;339.295;1.092.260
BANCO DO ESTADO DO PARÁ S.A.;4913711;b1;;I;1;BELEM;PA;03/2006;246.790;91.559;0;184.384;298.812;821.545;102.645;0;0;0;0;10.656;10.656;0;934.846;182;64.711;999.739;0;86.101;1.085.841
BANCO FORD S.A.;90731688;b2;;I;3;SAO PAULO;SP;03/2006;0;0;367.378;284.796;0;652.174;0;0;0;0;0;0;0;38;652.212;0;83.422;735.633;0;257.624;993.258
SOCIETE GENERALE;31859;b1;;C;3;SAO PAULO;SP;03/2006;987;0;50.981;49.928;0;101.896;36.341;0;0;0;0;0;0;478.199;616.436;30.741;107.936;755.113;939;219.417;975.470
BANCO CACIQUE S.A.;33349358;b1;;I;2;SAO PAULO;SP;03/2006;3.965;0;94.279;374.137;0;472.381;51.570;0;0;0;0;0;0;0;523.951;10.194;77.717;611.862;3.048;295.388;910.298
CATERPILLAR;51231;n1;;C;3;SAO PAULO;SP;03/2006;0;0;73.699;0;0;73.699;0;0;0;0;0;0;0;615.860;689.559;37.397;30.762;757.718;4.494;141.753;903.965
BANCO DE TOKYO-MITSUBISHI UFJ BRASIL S/A;60498557;b1;;I;3;SAO PAULO;SP;03/2006;17.525;0;3.000;77.884;98;98.507;130.483;0;0;0;0;0;0;250.389;479.379;1.282;126.580;607.242;355;295.916;903.513
TOYOTA;51334;b2;;C;3;SAO PAULO;SP;03/2006;0;0;620.742;152.581;0;773.323;0;0;0;0;0;0;0;0;773.323;850;21.896;796.070;2.823;102.851;901.743
PSA FINANCE;51365;b2;;C;3;SAO PAULO;SP;03/2006;0;0;593.343;84.561;0;677.904;0;0;0;0;0;0;0;47.443;725.347;3.087;46.862;775.297;0;119.773;895.069
BANCO VOLVO BRASIL S.A.;58017179;b2;;I;3;CURITIBA;PR;03/2006;0;0;64.116;54.323;0;118.439;0;0;0;0;0;0;0;585.417;703.856;0;31.445;735.301;5.807;141.767;882.875
CREDIT LYONNAIS;51066;b1;;C;3;SAO PAULO;SP;03/2006;9.616;0;0;33.297;1.147;44.059;96.492;0;0;0;0;0;0;53.409;193.960;14;573.908;767.882;151;107.242;875.274
INDUSTRIAL DO BRASIL;50988;b1;;C;2;SAO PAULO;SP;03/2006;17.420;0;34.236;289.378;64;341.097;126.333;0;0;0;0;0;0;183.995;651.426;9;32.398;683.832;134;159.712;843.677
BANCO BARCLAYS S.A.;61146577;b1;;I;3;SAO PAULO;SP;03/2006;22;0;0;0;0;22;158.100;0;0;0;163.323;0;163.323;0;321.445;20.896;245.599;587.940;0;239.780;827.720
INDUSVAL;50531;b1;;C;2;SAO PAULO;SP;03/2006;41.955;0;24.913;327.542;1.655;396.065;148.714;0;0;0;0;0;0;83.521;628.300;1.400;47.011;676.712;0;139.222;815.934
BANIF;20255;b1;;C;3;SAO PAULO;SP;03/2006;37.683;0;54.860;299.728;6.002;398.273;16.043;0;0;0;138.951;0;138.951;136.620;689.887;9.871;45.315;745.073;394;57.794;803.261
AGENCIA DE FOMENTO DO PARANA S.A.;3584906;n1;;I;1;CURITIBA;PR;03/2006;0;0;0;0;0;0;0;0;0;0;0;0;0;2.642;2.642;0;82.704;85.346;0;696.967;782.313
BANCO SUMITOMO MITSUI BRASILEIRO S.A.;60518222;b1;;I;3;SAO PAULO;SP;03/2006;19.684;0;0;249.646;459;269.789;32.007;0;0;0;0;0;0;98.278;400.073;0;99.183;499.257;290;271.149;770.696
BANCO TRIANGULO S.A.;17351180;b1;;I;2;UBERLANDIA;MG;03/2006;20.676;0;120.941;326.766;21;468.404;0;0;0;0;0;0;0;10.609;479.013;6.985;67.192;553.190;0;205.824;759.013
BANCO GE CAPITAL S.A.;62421979;b1;;I;3;SAO PAULO;SP;03/2006;68;0;360.799;95.609;0;456.475;0;0;0;0;0;0;0;89.143;545.619;31.651;126.443;703.713;1.902;41.387;747.002
AGÊNCIA DE FOMENTO DO ESTADO DE SANTA CATARINA S.A.-BADESC;82937293;n1;;I;1;FLORIANOPOLIS;SC;03/2006;0;0;0;0;0;0;0;0;0;0;0;0;0;339.762;339.762;0;51.929;391.691;0;314.414;706.105
COOPERATIVA DE CRÉDITO RURAL COOPERCITRUS - CREDICITRUS;54037916;b3S;;I;2;BEBEDOURO;SP;03/2006;54.271;0;0;2.330;240.012;296.612;0;0;0;0;0;0;0;203.411;500.023;0;36.123;536.146;0;155.175;691.322
SOCOPA;50328;b1;;C;2;SAO PAULO;SP;03/2006;11.793;0;13.469;119.534;533;145.328;71.697;0;0;0;0;0;0;16.528;233.553;1;360.505;594.059;0;47.882;641.940
DESENBAHIA - AGENCIA DE FOMENTO DO ESTADO DA BAHIA S.A.;15163587;n1;;I;1;SALVADOR;BA;03/2006;0;0;0;0;0;0;0;0;0;0;0;0;0;274.260;274.260;0;25.888;300.148;0;332.012;632.159
PARANA BANCO S.A.;14388334;b1;;I;2;CURITIBA;PR;03/2006;2.563;0;24.744;311.644;1;338.952;17.059;0;0;0;50.344;0;50.344;0;406.355;5.696;32.253;444.303;0;110.040;554.343
COOPERATIVA CENTRAL DE CRÉDITO DO PARANÁ - CENTRAL SICREDI PR;80230774;b3C;;I;2;CURITIBA;PR;03/2006;0;0;0;0;0;0;0;0;0;0;0;0;0;986;986;0;514.311;515.297;0;29.451;544.748
ECONOMIA CREDITO IMOBILIARIO S.A.-ECONOMISA;17441197;n1;;I;2;BELO HORIZONTE;MG;03/2006;0;0;0;0;0;0;0;0;0;0;0;0;0;163.060;163.060;0;346.454;509.514;0;8.296;517.810
HONDA;51396;b2;;C;3;SAO PAULO;SP;03/2006;0;0;393.048;0;0;393.048;0;0;0;0;0;0;0;4.761;397.809;3.767;11.209;412.785;3.117;89.508;505.410
HP FINANCIAL SERVICES ARRENDAMENTO MERCANTIL S.A.;97406706;n1;;I;3;BARUERI;SP;03/2006;0;0;0;0;0;0;0;0;0;0;0;0;0;113.364;113.364;14.988;44.838;173.190;0;319.835;493.025
AGORA-SENIOR CORRETORA DE TITULOS E VALORES MOBILIARIOS S/A;74014747;n2;;I;2;RIO DE JANEIRO;RJ;03/2006;0;0;0;0;0;0;0;0;0;0;0;0;0;0;0;2.627;423.596;426.223;0;35.528;461.751
PROSPER;50414;b1;;C;2;RIO DE JANEIRO;RJ;03/2006;8.068;0;2.053;39.085;360;49.566;33.245;0;0;0;63.563;0;63.563;36.853;183.226;32.926;165.190;381.341;0;65.665;447.007
COOPERATIVA CENTRAL DE CRÉDITO DE MINAS GERAIS LTDA. - SICOOB CENTRAL CREDIMINAS;25683434;b3C;;I;2;BELO HORIZONTE;MG;03/2006;0;0;0;0;0;0;0;0;0;0;0;0;0;0;0;0;401.839;401.839;0;22.226;424.065
VR;50524;b1;;C;2;BARUERI;SP;03/2006;2.538;0;0;6.301;0;8.839;0;0;0;0;0;0;0;0;8.839;0;342.616;351.455;0;70.122;421.577
RENDIMENTO;51468;b1;;C;2;SAO PAULO;SP;03/2006;13.241;0;5.042;137.516;944;156.743;43.799;0;0;0;0;0;0;15.599;216.142;0;127.124;343.265;122;76.995;420.382
COOPERFORTE - COOPERATIVA DE ECONOMIA E CRÉDITO MÚTUO DOS FUNCIONÁRIOS DE INSTITUIÇÕES FINANCEIRAS PÚBLICAS FEDERAIS LTDA.;1658426;b3S;;I;2;BRASILIA;DF;03/2006;8;0;0;0;274.179;274.186;0;0;0;0;0;0;0;976;275.162;0;9.737;284.899;0;118.128;403.027
COOPERATIVA CENTRAL DE CREDITO DE SANTA CATARINA-SICOOB CENTRAL SC;80160260;b3C;;I;2;FLORIANOPOLIS;SC;03/2006;6.122;0;0;107.206;101.284;214.612;0;0;0;0;0;0;0;18.645;233.257;0;148.188;381.445;0;19.501;400.946
BONSUCESSO;50706;b1;;C;2;BELO HORIZONTE;MG;03/2006;8.483;0;2.012;250.256;1;260.752;0;0;0;0;0;0;0;14.035;274.787;0;20.531;295.318;0;95.347;390.666
BANCO MODAL S.A.;30723886;b1;;I;2;RIO DE JANEIRO;RJ;03/2006;4.985;0;0;56.901;266;62.152;81.469;0;0;0;0;0;0;25.946;169.567;16.472;101.030;287.069;0;98.039;385.109
HEDGING-GRIFFO CORRETORA DE VALORES S/A;61809182;n2;;I;2;SAO PAULO;SP;03/2006;0;0;0;0;6.597;6.597;0;0;0;0;0;0;0;358;6.954;0;275.944;282.899;0;92.384;375.283
BANCO BVA S.A.;32254138;b1;;I;2;RIO DE JANEIRO;RJ;03/2006;2.662;0;0;50.264;9;52.935;39.998;0;0;0;0;0;0;173.884;266.816;0;44.218;311.034;1.080;61.381;373.495
INTERCAP;50476;b1;;C;2;SAO PAULO;SP;03/2006;13.243;0;1.706;190.698;0;205.648;83.001;0;0;0;0;0;0;0;288.648;0;17.525;306.173;0;66.494;372.667
COOPERATIVA DE CRÉDITO DOS PLANTADORES DE CANA DE SERTÃOZINHO;71328769;b3S;;I;2;SERTAOZINHO;SP;03/2006;17.205;0;0;0;145.838;163.043;0;0;0;0;0;0;0;30.369;193.412;0;31.302;224.713;232;101.683;326.628
BANCO STANDARD DE INVESTIMENTOS S.A.;4866275;b2;;I;3;SAO PAULO;SP;03/2006;0;0;50.016;95.787;0;145.803;0;0;0;0;0;0;0;38.082;183.885;4.010;21.930;209.825;0;115.165;324.990
COOPERATIVA CENTRAL DE CRÉDITO RURAL DO ESTADO DE SÃO PAULO;63917579;b3C;;I;2;SAO PAULO;SP;03/2006;15;0;0;66.682;168.625;235.323;0;0;0;0;0;0;0;0;235.323;0;57.266;292.588;0;31.249;323.838
FATOR;50122;b1;;C;2;SAO PAULO;SP;03/2006;1.842;0;6.020;14.148;183;22.192;6.148;0;0;0;0;0;0;0;28.340;1.852;184.495;214.688;0;97.761;312.449
CENTRAL DAS COOPERATIVAS DE ECONOMIA E CRÉDITO DO ESTADO DE MINAS GERAIS LTDA. - CECREMGE;309024;b3C;;I;2;BELO HORIZONTE;MG;03/2006;0;0;0;97.608;4.758;102.366;0;0;0;0;0;0;0;0;102.367;0;187.483;289.850;0;21.565;311.415
BANCO SAFRA DE INVESTIMENTO S.A.;7002898;b2;;I;2;SAO PAULO;SP;03/2006;0;0;0;0;0;0;0;0;0;0;0;0;0;0;0;0;120.239;120.239;0;180.536;300.775
COOPERATIVA CENTRAL DE ECONOMIA E CRÉDITO MÚTUO DOS PROFISSIONAIS DE SAÚDE DE NÍVEL SUPERIOR E OUTROS SEGMENTOS DE CRÉDITO DO ESTADO DE MINAS GERAIS LTDA - UNICRED CENTRAL (MG);184068;b3C;;I;2;BELO HORIZONTE;MG;03/2006;0;0;0;0;0;0;0;0;0;0;0;0;0;0;0;0;283.120;283.120;0;10.956;294.076
BANCO PECUNIA S.A.;60850229;b1;;I;2;SAO PAULO;SP;03/2006;0;0;6.070;175.073;0;181.143;0;0;0;0;0;0;0;0;181.143;13.583;41.592;236.317;715;55.308;292.340
CIT BRASIL ARRENDAMENTO MERCANTIL S.A.;43818780;n1;;I;3;BARUERI;SP;03/2006;0;0;0;0;0;0;0;0;0;0;0;0;0;153.463;153.463;34.633;36.093;224.189;2.150;43.093;269.433
BANCO GUANABARA S.A.;31880826;b1;;I;2;RIO DE JANEIRO;RJ;03/2006;1.764;0;0;135.069;0;136.833;0;0;0;0;0;0;0;35.483;172.316;19;16.974;189.308;22;69.342;258.673
BANCO CREDIBEL S.A.;69141539;b1;;I;2;SAO PAULO;SP;03/2006;7.191;0;7.053;114.059;0;128.303;41.802;0;0;0;0;0;0;3.293;173.398;561;8.506;182.465;0;75.286;257.751
CREDICOAMO CREDITO RURAL COOPERATIVA;81723108;b3S;;I;2;CAMPO MOURAO;PR;03/2006;10.578;0;0;47.000;10.700;68.279;0;0;0;0;0;0;0;99.475;167.754;0;5.353;173.107;0;79.669;252.777
COOPERATIVA CENTRAL DE CRÉDITO DO NORTE/NORDESTE - UNICRED CENTRAL NORTE/NORDESTE;70119680;b3C;;I;2;JOAO PESSOA;PB;03/2006;0;0;0;0;0;0;0;0;0;0;0;0;0;0;0;0;227.751;227.751;0;23.850;251.601
COOPERATIVA CENTRAL DE ECONOMIA E CRÉDITO MÚTUO DAS UNICRED'S DE SANTA CATARINA - UNICRED CENTRAL/SC;543968;b3C;;I;2;FLORIANOPOLIS;SC;03/2006;0;0;0;0;0;0;0;0;0;0;0;0;0;0;0;0;223.593;223.593;0;6.969;230.563
BANCO RODOBENS S.A.;33603457;b2;;I;2;SAO PAULO;SP;03/2006;0;0;0;43.726;0;43.726;0;0;0;0;0;0;0;18.208;61.934;0;3.296;65.229;0;161.816;227.046
COOPERATIVA DE CRÉDITO RURAL DOS PLANTADORES DE CANA DA ZONA DE GUARIBA;44469161;b3S;;I;2;GUARIBA;SP;03/2006;8.702;0;0;0;74.416;83.118;0;0;0;0;0;0;0;78.495;161.613;0;17.794;179.407;0;31.943;211.351
COOPERATIVA DE CREDITO RURAL DE ERECHIM;87780268;b3S;;I;2;ERECHIM;RS;03/2006;12.025;0;0;872;116.541;129.439;0;0;0;0;0;0;0;14.382;143.820;0;41.088;184.908;0;23.744;208.652
CENTRAL DE COOPERATIVAS DE ECONOMIA E CRÉDITO MÚTUO DO ESTADO DO RIO GRANDE DO SUL LTDA - UNICRED CENTRAL RS;1634601;b3C;;I;2;PORTO ALEGRE;RS;03/2006;9;0;0;152;0;161;0;0;0;0;0;0;0;0;161;0;204.436;204.597;0;3.995;208.591
BANCO LUSO BRASILEIRO S.A.;59118133;b1;;I;2;SAO PAULO;SP;03/2006;6.388;0;3.310;124.282;0;133.980;15.000;0;0;0;0;0;0;17.597;166.577;0;3.962;170.539;0;37.273;207.812
BANCO DO ESTADO DO PIAUÍ S.A. - BEP;6833131;b1;;I;1;TERESINA;PI;03/2006;24.406;17.490;4.796;78.306;4;125.002;7.786;0;0;0;0;0;0;2.317;135.105;0;19.363;154.468;0;51.018;205.486
COOPERATIVA DE CREDITO RURAL NOVA PETROPOLIS;91586982;b3S;;I;2;NOVA PETROPOLIS;RS;03/2006;22.433;0;0;15.974;125.251;163.658;0;0;0;0;0;0;0;620;164.279;0;8.101;172.379;0;31.465;203.844
HABITASUL - CREDITO IMOBILIARIO S/A;92859800;n1;;I;2;PORTO ALEGRE;RS;03/2006;0;0;0;0;0;0;0;0;0;0;0;0;0;13.042;13.042;0;155.041;168.083;0;32.748;200.830
OMNI;50940;n1;;C;2;SAO PAULO;SP;03/2006;0;0;0;100.277;0;100.277;0;0;0;0;0;42.535;42.535;0;142.813;0;37.721;180.534;0;17.269;197.803
COOPERATIVA DE CRÉDITO DE LIVRE ADMISSÃO DE ASSOCIADOS DA REGIÃO DOS VALES - SICREDI REGIÃO DOS VALES;89126130;b3S;;I;2;ENCANTADO;RS;03/2006;15.835;0;0;7.643;123.672;147.150;0;0;0;0;0;0;0;2.901;150.051;0;23.101;173.152;0;24.445;197.596
TRADICAO S/A CREDITO IMOBILIARIO;15213192;n1;;I;2;SALVADOR;BA;03/2006;0;0;0;0;0;0;0;0;0;0;0;0;0;106.432;106.432;0;81.728;188.160;0;9.124;197.284
BMW;51420;n1;;C;3;SAO PAULO;SP;03/2006;0;0;111.883;0;0;111.883;0;0;0;0;0;0;0;0;111.883;0;31.525;143.408;1.711;50.635;195.754
COOPERATIVA DE CRÉDITO DE LIVRE ADMISSÃO MARINGÁ   SICREDI MARINGÁ PR;79342069;b3S;;I;2;MARINGA;PR;03/2006;28.137;0;0;567;85.482;114.187;0;0;0;0;0;0;0;1.798;115.985;0;45.576;161.561;0;29.718;191.279
SLW CORRETORA DE VALORES E CAMBIO LTDA;50657675;n2;;I;2;SAO PAULO;SP;03/2006;0;0;0;0;0;0;0;0;0;0;0;0;0;0;0;0;172.439;172.439;55;18.554;191.048
COOPERATIVA CENTRAL DE ECONOMIA E CRÉDITO MUTUO DAS UNICRED'S DOS ESTADOS DO PARANÁ E MATO GROSSO DO SUL;3046391;b3C;;I;2;LONDRINA;PR;03/2006;0;0;0;0;0;0;0;0;0;0;0;0;0;0;0;0;184.694;184.694;0;4.787;189.481
OURINVEST;50294;b2;;C;2;SAO PAULO;SP;03/2006;0;0;0;20.683;83;20.766;0;0;0;0;0;67.750;67.750;0;88.515;201;4.680;93.396;0;94.583;187.978
COOPERATIVA DE CREDITO VALE DO ITAJAI - VIACREDI;82639451;b3S;;I;2;BLUMENAU;SC;03/2006;15.372;0;0;0;102.037;117.409;0;0;0;0;0;0;0;0;117.409;0;10.950;128.358;0;59.267;187.625
UNICRED NORTE DO PARANÁ - COOPERATIVA DE ECONOMIA E CRÉDITO MÚTUO DOS MÉDICOS E PROFISSIONAIS DA ÁREA DE SAÚDE DA REGIÃO NORTE DO PARANÁ LTDA.;2398976;b3S;;I;2;LONDRINA;PR;03/2006;22.811;0;0;0;105.102;127.913;0;0;0;0;0;0;0;0;127.913;0;5.124;133.037;0;51.193;184.230
COOPERATIVA DE CRÉDITO DE LIVRE ADMISSÃO CATARATAS DO IGUAÇU - SICREDI CATARATAS DO IGUAÇU;78414067;b3S;;I;2;MEDIANEIRA;PR;03/2006;23.564;0;0;2;77.269;100.836;0;0;0;0;0;0;0;836;101.672;0;42.623;144.294;0;37.813;182.107
SICOOB CREDICOM - COOPERATIVA DE ECONOMIA E CRÉDITO MÚTUO DOS MÉDICOS E PROFISSIONAIS DA ÁREA DE SAÚDE DE BELO HORIZONTE E CIDADES PÓLO DE MINAS GERAIS LTDA.;42898825;b3S;;I;2;BELO HORIZONTE;MG;03/2006;34.603;0;0;0;114.137;148.740;0;0;0;0;0;0;0;0;148.740;0;5.659;154.399;0;22.428;176.827
BANCO MATONE S.A.;92894922;b1;;I;2;PORTO ALEGRE;RS;03/2006;1.261;0;0;89.199;46;90.506;21.151;0;0;0;0;0;0;0;111.657;611;18.453;130.721;0;45.079;175.800
COOPERATIVA CENTRAL DE CRÉDITO DO MATO GROSSO - CENTRAL SICREDI MT;33667205;b3C;;I;2;CUIABA;MT;03/2006;0;0;0;0;0;0;0;0;0;0;0;0;0;524;524;0;160.466;160.990;310;13.148;174.448
BANCO A.J. RENNER S.A.;92874270;b1;;I;2;PORTO ALEGRE;RS;03/2006;307;0;2.234;101.273;0;103.814;0;0;0;0;0;0;0;0;103.814;0;11.383;115.197;0;57.825;173.022
MÁXIMA;50201;b1;;C;2;RIO DE JANEIRO;RJ;03/2006;8.395;0;7.791;17.843;0;34.029;75.313;0;0;0;0;0;0;0;109.342;2.808;16.979;129.130;0;39.836;168.966
TERRA COMPANHIA DE CREDITO IMOBILIARIO;7311814;n1;;I;2;FORTALEZA;CE;03/2006;0;0;0;0;0;0;0;0;0;0;0;0;0;240.900;240.900;0;27.908;268.808;0;-100.567;168.242
BANCO COMERCIAL URUGUAI S.A.;74828799;b1;;I;3;PORTO ALEGRE;RS;03/2006;3.038;0;0;6.285;84;9.407;39.000;0;0;0;0;0;0;68.126;116.534;83;16.111;132.727;15;34.262;167.004
CREDIFAR S.A. - CRÉDITO, FINANCIAMENTO E INVESTIMENTO;5676026;n1;;I;2;FARROUPILHA;RS;03/2006;0;0;74.700;0;18;74.718;0;0;0;0;0;45.202;45.202;0;119.920;0;9.804;129.724;706;36.466;166.895
BANCO FICSA S.A.;61348538;b1;;I;2;SAO PAULO;SP;03/2006;1.279;0;9.615;94.106;107;105.107;2.800;0;0;0;0;0;0;0;107.908;0;7.136;115.043;0;50.423;165.466
PERNAMBUCANAS FINANCIADORA S.A. - CRÉDITO, FINANCIAMENTO E INVESTIMENTO;43180355;n1;;I;2;SAO PAULO;SP;03/2006;0;0;0;0;0;0;0;0;0;0;0;2.180;2.180;0;2.180;0;81.715;83.895;0;78.066;161.961
CONCÓRDIA S.A. CORRETORA DE VALORES MOBILIÁRIOS, CÂMBIO E COMMODITIES;52904364;n2;;I;2;SAO PAULO;SP;03/2006;0;0;0;0;0;0;43.774;0;0;0;0;0;0;91;43.865;0;61.690;105.555;0;56.321;161.876
BANCO CARGILL S.A.;3609817;b1;;I;3;SAO PAULO;SP;03/2006;3.096;0;0;0;0;3.096;96.749;0;0;0;9.877;0;9.877;0;109.722;0;3.199;112.921;0;47.104;160.025
DOMUS - CIA. DE CREDITO IMOBILIARIO;10372647;n1;;I;2;FORTALEZA;CE;03/2006;0;0;0;0;0;0;0;0;0;0;0;0;0;161.398;161.398;0;1.956;163.354;0;-5.283;158.070
CREFISA S.A.-CREDITO, FINANCIAMENTO E INVESTIMENTOS;60779196;n1;;I;2;SAO PAULO;SP;03/2006;0;0;0;0;0;0;0;0;0;0;0;2.474;2.474;0;2.474;0;12.469;14.943;0;134.062;149.005
CECRESP-CENTRAL DAS COOPERATIVAS DE CRÉDITO DO ESTADO DE SÃO PAULO;62931522;b3C;;I;2;SAO PAULO;SP;03/2006;0;0;0;14.646;82.407;97.053;0;0;0;0;0;0;0;0;97.053;0;35.238;132.291;0;11.945;144.236
COOPERATIVA CENTRAL DE ECONOMIA E CRÉDITO MÚTUO DAS UNICREDS DO ESTADO DE SÃO PAULO-UNICRED CENTRAL-SP;73085573;b3C;;I;2;SAO PAULO;SP;03/2006;0;0;0;0;0;0;0;0;0;0;0;0;0;0;0;0;135.412;135.412;0;5.727;141.139
GERDAU;50861;b1;;C;2;PORTO ALEGRE;RS;03/2006;655;0;0;94.002;0;94.656;0;0;0;0;0;0;0;0;94.656;3;2.840;97.499;0;42.898;140.397
BANCO RIBEIRAO PRETO S.A.;517645;b1;;I;2;RIBEIRAO PRETO;SP;03/2006;682;0;0;34.364;0;35.046;30.504;0;0;0;0;0;0;21.442;86.992;366;3.988;91.346;41;47.682;139.068
COOPERATIVA DE ECONOMIA E CREDITO MUTUO MEDICOS E PROF. DA AREA DA SAUDE DA GDE FLORIANOPOLIS;74064502;b3S;;I;2;FLORIANOPOLIS;SC;03/2006;16.327;0;0;49.981;29.757;96.065;0;0;0;0;0;0;0;0;96.065;0;9.775;105.839;0;31.503;137.343
COOPERATIVA DE CRÉDITO DE LIVRE ADMISSÃO DE ASSOCIADOS DE CARLOS BARBOSA - SICREDI SERRANA RS;90608712;b3S;;I;2;CARLOS BARBOSA;RS;03/2006;10.946;0;0;22.199;77.269;110.415;0;0;0;0;0;0;0;342;110.757;0;12.960;123.717;0;12.677;136.394
MUTUAL APETRIM CREDITO IMOBILIARIO S/A;18941229;n1;;I;2;BELO HORIZONTE;MG;03/2006;0;0;0;0;0;0;0;0;0;0;0;0;0;108.511;108.511;0;13.956;122.467;0;13.141;135.608
COOPERATIVA DE CRÉDITO DE LIVRE ADMISSÃO DE ASSOCIADOS DO PLANALTO GAÚCHO - SICREDI PLANALTO;88038260;b3S;;I;2;CRUZ ALTA;RS;03/2006;11.437;0;0;3.584;46.706;61.728;0;0;0;0;0;0;0;887;62.615;0;34.320;96.935;0;36.276;133.211
BPN BRASIL BANCO MÚLTIPLO S.A.;61033106;b2;;I;3;SAO PAULO;SP;03/2006;1.606;0;0;3.437;0;5.043;0;0;0;0;0;0;0;77.280;82.324;1.293;4.402;88.019;895;42.435;131.349
COOPERATIVA DE CRÉDITO DE LIVRE ADMISSÃO DE ASSOCIADOS GRANDE SANTA ROSA - SICREDI GRANDE SANTA ROSA;87766507;b3S;;I;2;SANTA ROSA;RS;03/2006;10.951;0;0;333;74.518;85.802;0;0;0;0;0;0;0;491;86.293;0;27.111;113.404;0;16.975;130.378
FINAMAX S.A. - CREDITO, FINANCIAMENTO E INVESTIMENTO;411939;n1;;I;2;JUNDIAI;SP;03/2006;0;0;0;52.690;0;52.690;0;0;0;0;0;60.731;60.731;0;113.421;0;1.873;115.295;0;13.676;128.970
COOPERATIVA DE CREDITO DE LAJEADO;91159764;b3S;;I;2;LAJEADO;RS;03/2006;11.973;0;0;60.614;29.690;102.278;0;0;0;0;0;0;0;531;102.809;0;11.567;114.376;0;13.816;128.192
BANCO MORADA S.A;43717511;b1;;I;2;RIO DE JANEIRO;RJ;03/2006;799;0;2.905;54.512;0;58.216;0;0;0;0;0;0;0;21.644;79.860;1.394;11.058;92.312;0;35.403;127.715
COOPERATIVA DE ECONOMIA E CRÉDITO MÚTUO DOS POLICIAIS MILITARES E SERVIDORES DA SECRETARIA DOS NEGÓCIOS DA SEGURANÇA PÚBLICA DO ESTADO DE SÃO PAULO;62673470;b3S;;I;2;SAO PAULO;SP;03/2006;0;0;0;68.320;0;68.320;0;0;0;0;0;0;0;0;68.320;0;4.058;72.378;0;53.636;126.014
LETRA S/A CREDITO IMOBILIARIO;34040550;n1;;I;2;RIO DE JANEIRO;RJ;03/2006;0;0;0;0;0;0;0;0;0;0;0;0;0;105.485;105.485;0;10.086;115.571;0;9.180;124.751
AGÊNCIA DE FOMENTO DO ESTADO DO AMAZONAS S.A.;3183937;n1;;I;1;MANAUS;AM;03/2006;0;0;0;0;0;0;0;0;0;0;0;0;0;3.328;3.328;0;41.960;45.288;0;78.372;123.660
BANCO CEDULA S.A.;33132044;b1;;I;2;RIO DE JANEIRO;RJ;03/2006;5.073;0;0;71.701;0;76.773;1.000;0;0;0;0;0;0;0;77.773;0;3.863;81.636;0;41.257;122.893
COOPERATIVA CENTRAL DE CRÉDITO DE GOIÁS LTDA;33416108;b3C;;I;2;GOIANIA;GO;03/2006;0;0;0;0;0;0;0;0;0;0;0;0;0;0;0;0;108.906;108.906;0;13.807;122.713
COOPERATIVA DE CRÉDITO DE LIVRE ADMISSÃO DE ASSOCIADOS ALTO URUGUAI - SICREDI ALTO URUGUAI;87733770;b3S;;I;2;RODEIO BONITO;RS;03/2006;12.787;0;0;1.547;62.017;76.351;0;0;0;0;0;0;0;1.187;77.537;0;27.616;105.153;0;16.568;121.722
COOPERATIVA CENTRAL DE CREDITO DO ESPIRITO SANTO - SICOOB CENTRAL ES;32428294;b3C;;I;2;VITORIA;ES;03/2006;0;0;0;0;8.707;8.707;0;0;0;0;0;0;0;0;8.707;0;102.932;111.639;0;9.401;121.040
COOPERATIVA DE CREDITO RURAL DE IBIRAIARAS;89990501;b3S;;I;2;IBIRAIARAS;RS;03/2006;9.518;0;0;1.781;71.324;82.624;0;0;0;0;0;0;0;351;82.975;0;21.341;104.316;0;14.892;119.208
COOPERATIVA DE CRÉDITO DE LIVRE ADMISSÃO VALE DO PIQUIRI   SICREDI VALE DO PIQUIRI PR;81099491;b3S;;I;2;PALOTINA;PR;03/2006;26.232;0;0;3.386;49.570;79.188;0;0;0;0;0;0;0;570;79.758;0;18.602;98.360;0;19.628;117.988
COOPERATIVA DE CRÉDITO DE LIVRE ADMISSÃO DE ASSOCIADOS NOROESTE DO RIO GRANDE DO SUL - SICREDI NOROESTE;89049738;b3S;;I;2;TRES DE MAIO;RS;03/2006;8.804;0;0;1.642;56.200;66.646;0;0;0;0;0;0;0;809;67.456;0;24.081;91.536;0;23.117;114.653
COOPERATIVA DE CRÉDITO DE LIVRE ADMISSÃO DE ASSOCIADOS BOTUCARAÍ - SICREDI BOTUCARAÍ;87900601;b3S;;I;2;SOLEDADE;RS;03/2006;8.513;0;0;535;52.392;61.440;0;0;0;0;0;0;0;469;61.909;0;35.756;97.665;0;16.618;114.283
BANCO TRICURY S.A.;57839805;b2;;I;2;SAO PAULO;SP;03/2006;651;0;0;65.460;0;66.112;0;0;0;0;0;0;0;0;66.112;0;5.479;71.591;44;42.070;113.704
COOPERATIVA DE CRÉDITO DE LIVRE ADMISSÃO DE ASSOCIADOS CENTRO SERRA - SICREDI CENTRO SERRA RS;87067757;b3S;;I;2;AGUDO;RS;03/2006;7.423;0;0;3.208;56.196;66.827;0;0;0;0;0;0;0;438;67.265;0;28.957;96.221;0;16.591;112.813
DACASA FINANCEIRA S.A.-SOC. DE CRED. FINANC. E INVESTIMENTO;27406222;n1;;I;2;VITORIA;ES;03/2006;0;0;0;0;0;0;0;0;0;0;0;44.567;44.567;0;44.567;0;19.111;63.678;0;48.908;112.586
COOPERATIVA DE CRÉDITO DE LIVRE ADMISSÃO DE ASSOCIADOS ALTOS DA SERRA - SICREDI ALTOS DA SERRA;92555150;b3S;;I;2;SANANDUVA;RS;03/2006;10.926;0;0;8.429;51.448;70.803;0;0;0;0;0;0;0;510;71.313;0;22.840;94.152;0;18.405;112.557
PORTOCRED S.A. - CREDITO, FINANCIAMENTO E INVESTIMENTO;1800019;n1;;I;2;PORTO ALEGRE;RS;03/2006;0;0;0;0;0;0;0;0;0;0;0;90.858;90.858;0;90.858;0;2.038;92.896;0;13.442;106.339
BANCO BRJ S.A.;27937333;b2;;I;2;RIO DE JANEIRO;RJ;03/2006;0;0;0;1.110;75;1.185;0;0;0;0;0;511;511;40.075;41.771;10;25.156;66.937;2.988;36.367;106.292
COOPERATIVA DE CRÉDITO DE LIVRE ADMISSÃO DE ASSOCIADOS DO VALE DO RIO PARDO - SICREDI VALE DO RIO PARDO;95424891;b3S;;I;2;SANTA CRUZ DO SUL;RS;03/2006;9.478;0;0;619;67.239;77.336;0;0;0;0;0;0;0;457;77.793;0;18.188;95.981;0;9.719;105.700
BANCO DE LA PROVINCIA DE BUENOS AIRES;44189447;b1;;I;3;SAO PAULO;SP;03/2006;9;0;0;20;0;29;0;0;0;0;0;0;0;4.096;4.125;0;14.217;18.342;0;85.899;104.241
COOPERATIVA DE ECONOMIA E CREDITO MUTUO DOS MEDICOS E PROFISSIONAIS DA SAUDE DE MATO GROSSO LTDA.;36900256;b3S;;I;2;CUIABA;MT;03/2006;14.280;0;0;40.211;12.132;66.622;0;0;0;0;0;0;0;0;66.622;0;3.121;69.743;0;32.546;102.289
BANCO SEMEAR S.A.;795423;b1;;I;2;BELO HORIZONTE;MG;03/2006;2.551;0;21.781;50.085;3;74.421;0;0;0;0;0;0;0;0;74.421;0;2.936;77.357;4;17.765;95.127
COOPERATIVA DE ECONOMIA E CREDITO MUTUO DOS MEDICOS DE PORTO ALEGRE LTDA-UNICRED PORTO ALEGRE;94433109;b3S;;I;2;PORTO ALEGRE;RS;03/2006;10.122;0;0;64.347;296;74.765;0;0;0;0;0;0;0;0;74.765;0;3.449;78.214;0;16.774;94.988
COOPERATIVA DE CREDITO RURAL ALTO URUGUAI CATARINENSE SICOOB/SC- CREDIAU;78840071;b3S;;I;2;CONCORDIA;SC;03/2006;8.554;0;0;1.063;47.592;57.209;0;0;0;0;0;0;0;20.681;77.890;0;2.038;79.928;0;14.198;94.127
UNICRED JOÃO PESSOA - COOPERATIVA DE ECONOMIA E CRÉDITO MÚTUODOS  MÉDICOS E DEMAIS PROFISSIONAIS DA SAÚDE DE JOÃO PESSOA LTDA;35571249;b3S;;I;2;JOAO PESSOA;PB;03/2006;8.932;0;0;0;26.771;35.703;0;0;0;0;0;0;0;0;35.703;0;7.572;43.275;0;48.974;92.249
COOPERATIVA DE ECONOMIA E CRÉDITO MÚTUO DOS EMPREGADOS DE FURNAS E DEMAIS EMPRESAS DO SISTEMA ELETROBRÁS LTDA.;33370115;b3S;;I;2;RIO DE JANEIRO;RJ;03/2006;1.329;0;0;0;83.327;84.656;0;0;0;0;0;0;0;0;84.656;0;2.633;87.289;0;4.476;91.765
FAMILIA PAULISTA CREDITO IMOBILIARIO S/A;53146221;n1;;I;2;SANTOS;SP;03/2006;0;0;0;0;0;0;0;0;0;0;0;0;0;5.021;5.021;0;82.433;87.454;0;1.955;89.409
COOPERATIVA CENTRAL DE CRÉDITO URBANO DO ESTADO DE SANTA CATARINA - CECRED;5463212;b3C;;I;2;BLUMENAU;SC;03/2006;0;0;0;0;0;0;0;0;0;0;0;0;0;0;0;0;82.400;82.400;0;6.231;88.631
ASB S/A - CREDITO, FINANCIAMENTO E INVESTIMENTO;59987370;n1;;I;2;SALVADOR;BA;03/2006;0;0;0;0;0;0;0;0;0;0;0;59.879;59.879;10.904;70.783;0;4.947;75.730;0;12.739;88.469
INTERMEDIUM - CREDITO, FINANCIAMENTO E INVESTIMENTO S.A.;416968;n1;;I;2;BELO HORIZONTE;MG;03/2006;0;0;0;0;0;0;0;0;0;0;0;55.033;55.033;0;55.033;0;4.876;59.908;0;27.755;87.664
AGENCIA DE FOMENTO DE GOIAS S/A;3918382;n1;;I;1;GOIANIA;GO;03/2006;0;0;0;0;0;0;0;0;0;0;0;0;0;325;325;0;6.239;6.564;0;80.218;86.782
COOPERATIVA CENTRO BRASILEIRA DE ECONOMIA E CRÉDITO MÚTUO DOS PROFISSIONAIS DA SAÚDE LTDA.;37395399;b3S;;I;2;GOIANIA;GO;03/2006;18.394;0;0;43.177;421;61.992;0;0;0;0;0;0;0;0;61.992;0;5.372;67.365;0;19.162;86.527
COOPERATIVA DE CREDITO RURAL DE SAO MIGUEL DO OESTE-SICOOB/SC CREDI SÃO MIGUEL;81607046;b3S;;I;2;SAO MIGUEL D'OESTE;SC;03/2006;7.669;0;0;9.718;28.563;45.949;0;0;0;0;0;0;0;23.014;68.964;0;2.438;71.402;0;14.860;86.261
COOPERATIVA DE ECONOMIA E CRÉDITO MÚTUO DOS PEQUENOS EMPRESÁRIOS, MICROEMPRESÁRIOS E MICROEMPREENDEDORES DA REGIÃO METROPOLITANA DE MARINGÁ - SICOOB METROPOLITANO;3459850;b3S;;I;2;MARINGA;PR;03/2006;17.369;0;0;1.637;51.863;70.869;0;0;0;0;0;0;0;0;70.869;0;1.699;72.568;0;13.425;85.993
CENTRAL DAS COOPERATIVAS DE CREDITO DO ESTADO DO PARANÁ - SICOOB CENTRAL PARANÁ;5036532;b3C;;I;2;MARINGA;PR;03/2006;0;0;0;0;1.043;1.043;0;0;0;0;0;0;0;0;1.043;0;80.403;81.446;0;4.384;85.831
LEASEPLAN ARRENDAMENTO MERCANTIL SA;4836002;n1;;I;3;BARUERI;SP;03/2006;0;0;17.649;0;0;17.649;0;0;0;0;0;0;0;53.283;70.932;0;1.606;72.538;3.023;9.810;85.371
COOPERATIVA DE CRÉDITO RURAL DOS FORNECEDORES DE CANA E AGROPECUARISTAS DA REGIÃO DE PIRACICABA;54401286;b3S;;I;2;PIRACICABA;SP;03/2006;9.414;0;0;168;34.489;44.071;0;0;0;0;0;0;0;19.928;64.000;0;2.074;66.074;22;19.142;85.238
CENTRAL DAS COOPERATIVAS DE CRÉDITO DO BRASIL CENTRAL;4243780;b3C;;I;2;GOIANIA;GO;03/2006;0;0;0;0;0;0;0;0;0;0;0;0;0;0;0;0;82.647;82.647;0;1.963;84.610
OBOE;51035;n1;;C;2;FORTALEZA;CE;03/2006;0;0;0;0;0;0;0;0;0;0;0;71.053;71.053;0;71.053;0;1.876;72.929;0;11.204;84.133
COOPERATIVA DE CRÉDITO RURAL DOS CAFEICULTORES DA REGIÃO DE VARGINHA LTDA. - SICOOB CREDIVAR;25798596;b3S;;I;2;VARGINHA;MG;03/2006;8.854;0;0;9;17.454;26.316;0;0;0;0;0;0;0;20.229;46.545;0;19.657;66.203;0;17.148;83.351
COOPERATIVA CENTRAL DE ECONOMIA E CRÉDITO MÚTUO DAS UNICREDS DO ESTADO DO RIO DE JANEIRO LTDA. - UNICRED CENTRAL RJ;86774775;b3C;;I;2;RIO DE JANEIRO;RJ;03/2006;0;0;0;0;0;0;0;0;0;0;0;0;0;0;0;0;80.112;80.112;0;3.106;83.218
COOPERATIVA DE CREDITO RURAL DA ZONA SUL;90497256;b3S;;I;2;PELOTAS;RS;03/2006;7.755;0;0;488;44.111;52.353;0;0;0;0;0;0;0;272;52.625;0;20.291;72.916;0;10.121;83.038
UNO-E BRASIL BANCO DE INVESTIMENTO S.A.;45283173;b2;;I;3;SAO PAULO;SP;03/2006;0;0;0;0;0;0;0;0;0;0;0;0;0;0;0;0;10.016;10.016;0;72.211;82.227
COOPERATIVA DE CRÉDITO DE LIVRE ADMISSÃO DE ASSOCIADOS SUDOESTE DO RIO GRANDE DO SUL - SICREDI SUDOESTE.;87903316;b3S;;I;2;ALEGRETE;RS;03/2006;12.473;0;0;8.208;36.057;56.738;0;0;0;0;0;0;0;458;57.195;0;11.523;68.718;0;12.241;80.960
UNICRED DE FORTALEZA - COOPERATIVA DE ECONOMIA E CRÉDITO MÚTUO DOS MÉDICOS DE FORTALEZA LTDA.;72257793;b3S;;I;2;FORTALEZA;CE;03/2006;9.509;0;0;3.823;48.506;61.838;0;0;0;0;0;0;0;0;61.838;0;3.207;65.045;0;15.521;80.566
COOPERATIVA DE CRÉDITO MÚTUO DOS EMPREGADOS DA EMBRAER;46642294;b3S;;I;2;SAO JOSE DOS CAMPOS;SP;03/2006;0;0;0;0;1.304;1.304;0;0;0;0;0;0;0;0;1.304;0;6.081;7.385;0;72.692;80.077
BANCO DE LA NACION ARGENTINA;33042151;b1;;I;3;SAO PAULO;SP;03/2006;3.636;0;0;1.109;0;4.745;0;0;0;0;0;0;0;27.526;32.270;0;3.113;35.384;2;44.372;79.757
COOPERATIVA DE CREDITO RURAL DO EXTREMO SUDOESTE DO PARANA;82527557;b3S;;I;2;CAPANEMA;PR;03/2006;10.423;0;0;393;33.194;44.010;0;0;0;0;0;0;0;340;44.350;0;18.362;62.712;0;15.999;78.711
COOPERATIVA DE CREDITO RURAL DE MARAU;87795639;b3S;;I;2;MARAU;RS;03/2006;6.280;0;0;557;44.873;51.710;0;0;0;0;0;0;0;658;52.368;0;16.122;68.490;0;9.732;78.222
COOPERATIVA DE CREDITO DOS MEDICOS E DEMAIS PROFISSIONAIS DA SAUDE DE BLUMENAU E VALE DO ITAJAI;73443863;b3S;;I;2;BLUMENAU;SC;03/2006;5.824;0;0;60.587;0;66.411;0;0;0;0;0;0;0;0;66.411;0;1.220;67.631;0;10.247;77.878
SECULUS CREDITO,FINANCIAMENTO E INVESTIMENTO SA;4787807;n1;;I;2;BELO HORIZONTE;MG;03/2006;0;0;0;0;0;0;0;0;0;0;0;10.892;10.892;0;10.892;0;11.474;22.366;29.072;26.107;77.545
COOPERATIVA DE ECONOMIA E CRÉDITO MÚTUO DOS FUNCIONÁRIOS DA SECRETARIA DE ESTADO DA FAZENDA DE MINAS GERAIS LTDA.;16721078;b3S;;I;2;BELO HORIZONTE;MG;03/2006;804;0;0;0;39.452;40.257;0;0;0;0;0;0;0;0;40.257;0;12.002;52.259;0;24.946;77.205
COOPERATIVA DE CREDITO RURAL DO CENTRO-SUL DO MATO GROSSO DO SUL;26408161;b3S;;I;2;DOURADOS;MS;03/2006;14.696;0;0;271;31.972;46.939;0;0;0;0;0;0;0;533;47.472;0;10.052;57.524;0;19.463;76.988
LEMON BANK BANCO MULTIPLO S.A.;48795256;b1;;I;3;SAO PAULO;SP;03/2006;1.689;5;0;4.775;0;6.469;0;0;0;0;0;0;0;0;6.469;0;32.919;39.388;98;37.059;76.546
COOPERATIVA DE CREDITO RURAL OURO BRANCO;87853206;b3S;;I;2;TEUTONIA;RS;03/2006;10.026;0;0;822;48.208;59.055;0;0;0;0;0;0;0;224;59.279;0;9.639;68.919;0;6.345;75.264
COOPERATIVA DE CRÉDITO EM GUAXUPÉ E REGIÃO LTDA - SICOOB AGROCREDI;42873828;b3S;;I;2;GUAXUPE;MG;03/2006;16.871;0;0;0;10.781;27.652;0;0;0;0;0;0;0;2.330;29.982;0;30.183;60.166;0;14.273;74.439
COOPERATIVA DE ECONOMIA E CRÉDITO MÚTUO DOS PROFISSIONAIS DA SAÚDE DAS REGIÕES METROPOLITANAS DA BAIXADA SANTISTA E GRANDE SÃO PAULO LTDA. - UNICRED METROPOLITANA;259231;b3S;;I;2;SANTOS;SP;03/2006;11.086;0;0;43.088;0;54.174;0;0;0;0;0;0;0;0;54.174;0;1.821;55.995;0;15.924;71.919
COOPERATIVA CENTRAL DE CRÉDITO DE MATO GROSSO DO SUL, GOIÁS E TOCANTINS - SICREDI BRASIL CENTRAL;33737818;b3C;;I;2;CAMPO GRANDE;MS;03/2006;0;0;0;1.114;0;1.114;0;0;0;0;0;0;0;353;1.467;0;64.666;66.133;0;4.407;70.540
COOPERATIVA DE CREDITO RURAL SORRISO;26555235;b3S;;I;2;SORRISO;MT;03/2006;17.217;0;0;778;19.662;37.658;0;0;0;0;0;0;0;679;38.337;0;10.554;48.892;0;21.408;70.299
COOPERATIVA CENTRAL DE CRÉDITO DE SAO PAULO - CENTRAL SICREDI - SP;3235367;b3C;;I;2;SAO PAULO;SP;03/2006;0;0;0;0;0;0;0;0;0;0;0;0;0;0;0;0;67.980;67.980;0;2.068;70.047
FINABANK CORRETORA DE CÂMBIO, TÍTULOS E VALORES MOBILIÁRIOS LTDA;169331;n2;;I;2;SAO PAULO;SP;03/2006;0;0;0;0;4.916;4.916;5.100;0;0;0;0;0;0;0;10.016;0;30.695;40.711;0;29.226;69.937
COOPERATIVA DE CREDITO RURAL SUDOESTE;84974278;b3S;;I;2;SAO JOAO;PR;03/2006;8.182;0;0;1.963;31.362;41.507;0;0;0;0;0;0;0;328;41.835;0;13.513;55.348;0;14.526;69.874
COOPERATIVA DE CREDITO RURAL DE SAO GABRIEL - SICOOB SAO GABRIEL;31815293;b3S;;I;2;SAO GABRIEL DA PALHA;ES;03/2006;9.545;0;0;142;26.236;35.923;0;0;0;0;0;0;0;16.271;52.193;0;2.854;55.048;0;14.654;69.702
COOPERATIVA DE CRÉDITO DE LIVRE ADMISSÃO DE ASSOCIADOS VALE DO JAGUARI - SICREDI VALE DO JAGUARI;87780284;b3S;;I;2;SANTIAGO;RS;03/2006;7.246;0;0;6.794;29.425;43.465;0;0;0;0;0;0;0;332;43.797;0;15.237;59.034;0;10.575;69.608
SUL AMERICA INVESTIMENTOS DISTRIBUIDORA DE TITULOS E VALORES MOBILIARIOS S.A.;32206435;n2;;I;2;SAO PAULO;SP;03/2006;0;0;0;0;0;0;0;0;0;0;0;0;0;0;0;0;4.614;4.614;0;64.838;69.452
COOPERATIVA DE CREDITO RURAL DE VENDA NOVA DO IMIGRANTE - SICOOB VENDA NOVA;815319;b3S;;I;2;VENDA NOVA DO IMIGRANTE;ES;03/2006;8.023;0;0;764;33.789;42.575;0;0;0;0;0;0;0;10.644;53.220;0;2.653;55.872;0;13.031;68.903
COOPERATIVA DE CREDITO RURAL DE CACHOEIRO DE ITAPEMIRIM - SICOOB CACHOEIRO;32467086;b3S;;I;2;CACHOEIRO DE ITAPEMIRIM;ES;03/2006;7.044;0;0;2;33.939;40.984;0;0;0;0;0;0;0;11.572;52.556;0;2.014;54.570;0;13.980;68.549
GRADUAL CORRETORA DE CÂMBIO, TÍTULOS E VALORES MOBILIÁRIOS LTDA.;33918160;n2;;I;2;SAO PAULO;SP;03/2006;0;0;0;0;640;640;0;0;0;0;0;0;0;0;640;0;51.041;51.681;0;16.728;68.410
COOPERATIVA DE ECONOMIA E CRÉDITO MÚTUO DOS MÉDICOS E DEMAIS PROFISSIONAIS DA ÁREA DE SAÚDE DE CAMPINAS E REGIÃO LTDA. - UNICRED CAMPINAS;71884498;b3S;;I;2;CAMPINAS;SP;03/2006;19.354;0;0;35.152;0;54.505;0;0;0;0;0;0;0;0;54.505;0;2.112;56.618;0;11.524;68.142
COOPERATIVA DE ECONOMIA E CREDITO MUTUO DOS MEDICOS DO RIO DE JANEIRO - UNICRED-RIO LTDA.;72128440;b3S;;I;2;RIO DE JANEIRO;RJ;03/2006;12.176;0;0;16.236;14.863;43.275;0;0;0;0;0;0;0;0;43.275;0;2.774;46.050;0;21.902;67.952
COOPERATIVA DE ECONOMIA E CRÉDITO MÚTUO DOS MÉDICOS E DEMAIS PROFISSIONAIS DE NÍVEL SUPERIOR DA SAÚDE DE BELO HORIZONTE LTDA - UNICRED-BH;1035852;b3S;;I;2;BELO HORIZONTE;MG;03/2006;14.392;0;0;35.885;0;50.277;0;0;0;0;0;0;0;0;50.277;0;4.657;54.934;0;11.399;66.333
COOPERATIVA DE CRÉDITO DE LIVRE ADMISSÃO DE ASSOCIADOS DA REGIÃO CENTRO DO RGS - SICREDI REGIÃO CENTRO;95594941;b3S;;I;2;SANTA MARIA;RS;03/2006;7.751;0;0;2.775;38.676;49.201;0;0;0;0;0;0;0;249;49.451;0;8.373;57.824;0;7.868;65.692
COOPERATIVA DE CREDITO RURAL COSTA OESTE;79052122;b3S;;I;2;MARECHAL CANDIDO RONDON;PR;03/2006;11.585;0;0;435;23.305;35.325;0;0;0;0;0;0;0;283;35.608;0;16.086;51.694;0;13.835;65.530
PORTOSEG S.A. - CREDITO, FINANCIAMENTO E INVESTIMENTO;4862600;n1;;I;2;SAO PAULO;SP;03/2006;0;0;0;0;0;0;0;0;0;0;0;8.194;8.194;0;8.194;0;1.298;9.492;0;54.577;64.069
COOPERATIVA DE CRÉDITO RURAL SÃO CRISTÓVÃO;82065285;b3S;;I;2;MARIOPOLIS;PR;03/2006;7.648;0;0;522;30.102;38.272;0;0;0;0;0;0;0;200;38.472;0;16.213;54.685;0;8.769;63.454
COOPERATIVA DE CRÉDITO DE LIVRE ADMISSÃO DE ASSOCIADOS DA REGIÃO DA PRODUÇÃO - SICREDI REGIÃO DA PRODUÇÃO;89468565;b3S;;I;2;SARANDI;RS;03/2006;5.161;0;0;1.731;31.356;38.247;0;0;0;0;0;0;0;769;39.017;0;15.206;54.223;0;7.926;62.149
UNICRED CAMPO GRANDE-MS COOPERATIVA DE ECONOMIA E CRÉDITO MÚTUO DOS MÉDICOS E PROFISSIONAIS DA ÁREA DE SAÚDE DE CAMPO GRANDE-MS LTDA;73647935;b3S;;I;2;CAMPO GRANDE;MS;03/2006;6.689;0;0;2.448;34.216;43.353;0;0;0;0;0;0;0;0;43.353;0;2.342;45.695;0;16.306;62.001
COOPERATIVA DE ECONOMIA E CRÉDITO MÚTUO DOS PROFISSIONAIS DE SAÚDE DE NÍVEL SUPERIOR DE ALAGOAS, UNICRED-ALAGOAS;41180092;b3S;;I;2;MACEIO;AL;03/2006;10.903;0;0;0;24.363;35.266;0;0;0;0;0;0;0;0;35.266;0;3.522;38.788;0;22.755;61.543
COOPERATIVA DE CREDITO RURAL LUCAS DO RIO VERDE;26565770;b3S;;I;2;LUCAS DO RIO VERDE;MT;03/2006;15.939;0;0;1.591;6.795;24.325;0;0;0;0;0;0;0;1.319;25.644;0;8.677;34.321;0;27.184;61.505
COOPERATIVA DE CRÉDITO RURAL DOS PLANTADORES DE CANA DO VALE DO SÃO PATRÍCIO LTDA;968602;b3S;;I;2;GOIANESIA;GO;03/2006;7.817;0;0;224;3.519;11.560;0;0;0;0;0;0;0;0;11.560;0;4.453;16.013;0;45.447;61.460
COOPERATIVA DE CRÉDITO DE LIVRE ADMISSÃO DE ASSOCIADOS MISSÕES - SICREDI MISSÕES;87732608;b3S;;I;2;SANTO ANGELO;RS;03/2006;10.222;0;0;32.222;74;42.517;0;0;0;0;0;0;0;319;42.836;0;9.270;52.106;0;8.857;60.963
COOPERATIVA DE CREDITO RURAL CAMPOS GERAIS - SICREDI CAMPOS GERAIS;81466286;b3S;;I;2;PONTA GROSSA;PR;03/2006;11.642;0;0;461;28.041;40.144;0;0;0;0;0;0;0;184;40.328;0;12.433;52.760;0;8.084;60.845
COOPERATIVA DE CRÉDITO DE LIVRE ADMISSÃO DE ASSOCIADOS-SICOOB-CREDIALFA/SC;78825270;b3S;;I;2;CHAPECO;SC;03/2006;7.910;0;0;481;33.052;41.442;0;0;0;0;0;0;0;9.815;51.258;0;1.711;52.969;0;7.112;60.081
COOPERATIVA DE CREDITO RURAL DO VALE DO JURUENA;70431630;b3S;;I;2;JUINA;MT;03/2006;17.932;0;0;5.035;16.902;39.868;0;0;0;0;0;0;0;352;40.220;0;5.815;46.035;0;13.638;59.673
COOPERATIVA DE CRÉDITO RURAL COONAI;53923116;b3S;;I;2;RIBEIRAO PRETO;SP;03/2006;6.518;0;0;0;11.237;17.755;0;0;0;0;0;0;0;9.786;27.541;0;16.703;44.244;0;11.474;55.718
BARIGUI S.A. CREDITO, FINANCIAMENTO E INVESTIMENTOS;556603;n1;;I;2;CURITIBA;PR;03/2006;0;0;0;4.944;0;4.944;0;0;0;0;0;25.462;25.462;0;30.407;0;5.280;35.687;0;19.679;55.366
COOPERATIVA DE ECONOMIA E CREDITO MUTUO DOS SERVIDORES PÚBLICOS . DO VALE DO ITAJAI - SICOOB/SC - BLUCREDI;3960819;b3S;;I;2;BLUMENAU;SC;03/2006;4.219;0;0;9.474;28.143;41.837;0;0;0;0;0;0;0;2.563;44.399;0;1.304;45.703;0;9.602;55.306
COOPERATIVA DE ECONOMIA E CREDITO MÚTUO DOS MÉDICOS DO PLANALTO MÉDIO DO RIO GRANDE DO SUL LTDA - UNICRED PLANALTO MEDIO RS;97259253;b3S;;I;2;PASSO FUNDO;RS;03/2006;11.057;0;0;36.676;0;47.734;0;0;0;0;0;0;0;0;47.734;0;1.637;49.370;0;5.694;55.064
CREDICOROL COOPERATIVA DE CREDITO RURAL;78157146;b3S;;I;2;ROLANDIA;PR;03/2006;5.553;0;0;16.629;0;22.182;0;0;0;0;0;0;0;14.055;36.237;0;3.251;39.488;0;15.274;54.762
COOPERATIVA DE CREDITO RURAL SUL CATARINENSE;81367880;b3S;;I;2;TURVO;SC;03/2006;6.388;0;0;6.379;19.257;32.023;0;0;0;0;0;0;0;11.588;43.611;0;1.089;44.700;0;10.009;54.709
INTRA S/A CORRETORA DE CAMBIO E VALORES;61870200;n2;;I;2;SAO PAULO;SP;03/2006;0;0;0;0;0;0;0;0;0;0;0;0;0;0;0;0;36.372;36.372;0;17.955;54.327
ATIVA S.A. CORRETORA DE TITULOS, CAMBIO E VALORES;33775974;n2;;I;2;RIO DE JANEIRO;RJ;03/2006;0;0;0;0;0;0;0;0;0;0;0;0;0;946;946;0;31.437;32.383;0;21.811;54.194
COOPERATIVA DE CREDITO RURAL SUDESTE PARANA;81054686;b3S;;I;2;LAPA;PR;03/2006;9.264;0;0;170;31.244;40.678;0;0;0;0;0;0;0;194;40.872;0;6.768;47.640;0;6.523;54.164
BANCO POTTENCIAL S.A.;253448;b1;;I;2;BELO HORIZONTE;MG;03/2006;87;0;0;27.537;59;27.683;0;0;0;0;0;0;0;4.584;32.267;9;6.080;38.357;0;15.795;54.152
COOPERATIVA DE CRÉDITO RURAL DO SUDOESTE GOIANO;24795049;b3S;;I;2;RIO VERDE;GO;03/2006;6.241;0;0;0;8.105;14.346;0;0;0;0;0;0;0;17;14.363;0;5.654;20.017;0;33.905;53.922
SANTINVEST S.A. - CREDITO, FINANCIAMENTO E INVESTIMENTOS;122327;n1;;I;2;FLORIANOPOLIS;SC;03/2006;0;0;2.372;0;0;2.372;0;0;0;0;0;18.918;18.918;0;21.290;0;2.115;23.405;0;30.515;53.920
CSILATINA ARRENDAMENTO MERCANTIL S.A.;5883884;n1;;I;3;SAO PAULO;SP;03/2006;0;0;0;0;0;0;0;0;0;0;0;0;0;37.344;37.344;202;8.555;46.102;103;7.018;53.223
COOPERATIVA DE CRÉDITO DE LIVRE ADMISSÃO DE ASSOCIADOS CENTRO LESTE - SICREDI CENTRO LESTE;88471024;b3S;;I;2;CACHOEIRA DO SUL;RS;03/2006;5.700;0;0;14.631;11.287;31.618;0;0;0;0;0;0;0;316;31.934;0;12.566;44.500;0;8.286;52.786
FAR S.A. DISTRIBUIDORA DE TITULOS E VALORES MOBILIARIOS;3725250;n2;;I;2;SAO PAULO;SP;03/2006;0;0;0;0;0;0;0;0;0;0;0;0;0;0;0;0;43.823;43.823;0;8.310;52.133
COOPERATIVA DE CREDITO RURAL DO SUL DE MATO GROSSO LTDA;26549311;b3S;;I;2;RONDONOPOLIS;MT;03/2006;11.174;0;0;13.529;4.931;29.634;0;0;0;0;0;0;0;559;30.193;0;6.143;36.336;0;15.788;52.124
DIRECAO S/A - CREDITO FINANCIAMENTO E INVESTIMENTO;58158387;n1;;I;2;SANTOS;SP;03/2006;0;0;0;0;0;0;0;0;0;0;0;0;0;2.766;2.766;0;4.228;6.994;0;44.813;51.806
COOPERATIVA DE CRÉDITO DE LIVRE ADMISSÃO DE ASSOCIADOS ALTO JACUÍ - SICREDI ALTO JACUÍ;87779625;b3S;;I;2;NAO-ME-TOQUE;RS;03/2006;4.169;0;0;4;25.348;29.520;0;0;0;0;0;0;0;249;29.769;0;12.456;42.225;0;9.384;51.609
COOPERATIVA DE ECONOMIA E CREDITO MUTUO DOS MED. D.P.N.S. AREA DA SAUDE DA REGIAO NORDESTE RS;73750424;b3S;;I;2;CAXIAS DO SUL;RS;03/2006;7.717;0;0;0;33.281;40.998;0;0;0;0;0;0;0;0;40.998;0;2.239;43.236;0;8.372;51.609
COOPERATIVA DE CRÉDITO DE LIVRE ADMISSÃO DE ASSOCIADOS CELEIRO - SICREDI CELEIRO RS;88099247;b3S;;I;2;CAMPO NOVO;RS;03/2006;5.556;0;0;1.592;23.933;31.081;0;0;0;0;0;0;0;227;31.308;0;12.954;44.262;0;7.181;51.443
COOPERATIVA CENTRAL DE CRÉDITO DA BAHIA - SICOOB CENTRAL BA;34148882;b3C;;I;2;SALVADOR;BA;03/2006;0;0;0;0;3.350;3.350;0;0;0;0;0;0;0;0;3.350;0;41.166;44.516;0;6.723;51.239
COOPERATIVA DE CREDITO RURAL DE BAGE;88530142;b3S;;I;2;BAGE;RS;03/2006;7.828;0;0;153;25.985;33.965;0;0;0;0;0;0;0;247;34.212;0;7.702;41.915;0;9.185;51.099
SPINELLI S/A CORRETORA DE VALORES MOBILIARIOS E CAMBIO;61739629;n2;;I;2;SAO PAULO;SP;03/2006;0;0;0;0;605;605;0;0;0;0;0;0;0;0;605;0;22.080;22.685;0;28.406;51.091
COOPERATIVA DE ECONOMIA E CRÉDITO MÚTUO DOS EMPREGADOS DA JOHNSON & JOHNSON;45691128;b3S;;I;2;SAO JOSE DOS CAMPOS;SP;03/2006;0;0;0;2.553;0;2.553;0;0;0;0;0;0;0;0;2.553;0;8.745;11.298;0;39.686;50.983
SUL FINANCEIRA S.A.- CREDITO, FINANCIAMENTOS E INVESTIMENTOS;92764489;n1;;I;2;PORTO ALEGRE;RS;03/2006;0;0;0;0;0;0;0;0;0;0;0;36.765;36.765;0;36.765;0;4.046;40.811;0;9.744;50.555
COOPERATIVA CENTRAL DE CREDITO RURAL COM INTERACAO SOLIDARIA - CRESOL-BASER;1401771;b3C;;I;2;FRANCISCO BELTRAO;PR;03/2006;0;0;0;0;0;0;0;0;0;0;0;0;0;0;0;0;46.661;46.661;0;3.794;50.455
COOPERATIVA DE CRÉDITO RURAL GOIASCARNE LTDA;37255049;b3S;;I;2;GOIANIA;GO;03/2006;2.452;0;0;5.527;0;7.978;0;0;0;0;0;0;0;0;7.978;0;2.351;10.329;0;40.123;50.452
COOPERATIVA DE ECONOMIA E CRÉDITO MÚTUO DOS EMPREGADOS E SERVIDORES DA SABESP E EM EMPRESAS DE SANEAMENTO AMBIENTAL DO ESTADO DE SÃO PAULO - CECRES;54603022;b3S;;I;2;SAO PAULO;SP;03/2006;0;0;0;0;0;0;0;0;0;0;0;0;0;0;0;0;387;387;0;49.796;50.183
NEGRESCO S.A. - CREDITO, FINANCIAMENTO E INVESTIMENTOS;4379829;n1;;I;2;CURITIBA;PR;03/2006;0;0;2.001;0;0;2.001;0;0;0;0;0;39.021;39.021;0;41.022;0;2.294;43.316;0;6.772;50.089
COOPERATIVA DE CRÉDITO AGROPECUÁRIO DO OESTE;76059997;b3S;;I;2;TOLEDO;PR;03/2006;10.844;0;0;396;18.428;29.667;0;0;0;0;0;0;0;221;29.888;0;11.709;41.597;0;7.959;49.556
COOPERATIVA DE CREDITO RURAL DE CAFELANDIA;81192106;b3S;;I;2;CAFELANDIA;PR;03/2006;16.467;0;0;379;15.603;32.449;0;0;0;0;0;0;0;112;32.561;0;11.145;43.706;0;5.847;49.553
PLANNER;51341;n1;;C;2;SAO PAULO;SP;03/2006;0;0;0;0;1.167;1.167;0;0;0;0;0;0;0;0;1.167;0;29.750;30.918;0;18.523;49.441
COINVALORES CORRETORA DE CÂMBIO E VALORES MOBILIÁRIOS LTDA.;336036;n2;;I;2;SAO PAULO;SP;03/2006;0;0;0;0;1.784;1.784;0;0;0;0;0;0;0;0;1.784;0;28.663;30.447;0;18.839;49.286
GERACAO FUTURO CORRETORA DE VALORES LTDA;27652684;n2;;I;2;RIO DE JANEIRO;RJ;03/2006;0;0;0;0;0;0;0;0;0;0;0;0;0;0;0;0;38.726;38.726;0;10.482;49.208
LINK S.A. CORRETORA DE CAMBIO, TITULOS E VALORES MOBILIARIOS;2819125;n2;;I;2;SAO PAULO;SP;03/2006;0;0;0;0;118;118;0;0;0;0;0;0;0;0;118;0;34.963;35.082;0;13.679;48.761
CONFEDERAÇÃO NACIONAL DAS COOPERATIVAS CENTRAIS UNICRED'S - UNICRED DO BRASIL;315557;b3C;;I;2;SAO PAULO;SP;03/2006;0;0;0;0;0;0;0;0;0;0;0;0;0;0;0;0;46.328;46.328;0;2.162;48.489
COOPERATIVA DE CRÉDITO RURAL DA REGIÃO DA MOGIANA;62109566;b3S;;I;2;SAO JOAO DA BOA VISTA;SP;03/2006;4.249;0;0;12.350;7.367;23.966;0;0;0;0;0;0;0;3.976;27.942;0;13.115;41.057;0;6.518;47.574
COOPERATIVA DE CRÉDITO DE LIVRE ADMISSÃO DE ASSOCIADOS ITAQUIENSE - SICREDI ITAQUI;87733077;b3S;;I;2;ITAQUI;RS;03/2006;6.087;0;0;5.543;9.339;20.969;0;0;0;0;0;0;0;2.392;23.361;0;7.117;30.478;0;17.017;47.495
COOPERATIVA DE ECONOMIA E CRÉDITO MÚTUO DOS COMERCIANTES DE CONFECÇÕES DO NORTE DO PARANÁ - SICOOB NORTE DO PARANÁ;5582619;b3S;;I;2;LONDRINA;PR;03/2006;5.542;0;0;10;27.729;33.281;0;0;0;0;0;0;0;452;33.733;0;1.300;35.033;0;12.385;47.418
COOPERATIVA DE CRÉDITO RURAL COCAPEC;67096909;b3S;;I;2;FRANCA;SP;03/2006;4.455;0;0;25.949;19;30.422;0;0;0;0;0;0;0;8.035;38.457;0;640;39.097;0;8.207;47.304
BANCO BM&F DE SERVIÇOS DE LIQUIDAÇÃO E CUSTÓDIA S.A.;997185;b1;;I;2;SAO PAULO;SP;03/2006;13;0;0;0;20.231;20.244;0;0;0;0;0;0;0;0;20.244;0;524;20.768;0;26.401;47.169
COOPERATIVA DE CRÉDITO DE LIVRE ADMISSÃO DE ASSOCIADOS PLANALTO MÉDIO DO RIO GRANDE DO SUL - SICREDI PLANALTO MÉDIO;87781530;b3S;;I;2;PASSO FUNDO;RS;03/2006;5.000;0;0;605;26.969;32.574;0;0;0;0;0;0;0;238;32.812;0;7.986;40.798;0;5.984;46.782
COOPERATIVA DE CRÉDITO DE LIVRE ADMISSÃO DE ASSOCIADOS ROTA DAS TERRAS - SICREDI ROTA DAS TERRAS;87510475;b3S;;I;2;TAPERA;RS;03/2006;3.254;0;0;448;14.825;18.526;0;0;0;0;0;0;0;438;18.964;0;13.685;32.649;0;13.729;46.378
COOPERATIVA DE CREDITO RURAL DE GETULIO VARGAS;87784088;b3S;;I;2;GETULIO VARGAS;RS;03/2006;2.887;0;0;337;17.614;20.839;0;0;0;0;0;0;0;530;21.369;0;11.666;33.035;0;13.245;46.280
WALPIRES S/A CORRETORA DE CÂMBIO TÍTULOS E VALORES MOBILIÁRIOS;61769790;n2;;I;2;SAO PAULO;SP;03/2006;0;0;0;0;0;0;0;0;0;0;0;0;0;0;0;12.331;20.815;33.146;0;12.773;45.920
NOVINVEST CORRETORA DE VALORES MOBILIARIOS LTDA;43060029;n2;;I;2;SAO PAULO;SP;03/2006;0;0;0;0;250;250;0;0;0;0;0;0;0;0;250;36;12.825;13.111;0;32.584;45.696
COOPERATIVA DE CRÉDITO DE LIVRE ADMISSÃO DE ASSOCIADOS PESTANENSE - SICREDI AUGUSTO PESTANA RS;90729369;b3S;;I;2;AUGUSTO PESTANA;RS;03/2006;4.929;0;0;1.885;14.799;21.613;0;0;0;0;0;0;0;382;21.996;0;10.565;32.561;0;12.810;45.371
COMPANHIA PROVINCIA DE CREDITO IMOBILIARIO;87091716;n1;;I;2;PORTO ALEGRE;RS;03/2006;0;0;0;0;0;0;0;0;0;0;0;0;0;34.651;34.651;0;2.303;36.954;287;8.082;45.323
CENTRAL DAS COOPERATIVAS DE CRÉDITO DO DISTRITO FEDERAL LTDA.;692214;b3C;;I;2;BRASILIA;DF;03/2006;0;0;0;0;0;0;0;0;0;0;0;0;0;0;0;0;33.089;33.089;0;12.211;45.301
VIC-DISTRIBUIDORA DE TITULOS E VALORES MOBILIARIOS S/A;14388516;n2;;I;2;RIO DE JANEIRO;RJ;03/2006;0;0;0;0;0;0;0;0;0;0;0;0;0;0;0;3.082;13.949;17.031;0;28.233;45.265
ARBI;31677;b1;;C;2;RIO DE JANEIRO;RJ;03/2006;1.140;0;0;6.490;0;7.629;0;0;0;0;0;0;0;8.530;16.160;0;10.144;26.303;4;18.671;44.979
COOPERATIVA DE CREDITO RURAL DE SANTA MARIA DE JETIBA - SICOOB JETIBA;31804966;b3S;;I;2;SANTA MARIA DE JETIBA;ES;03/2006;5.805;0;0;3.080;19.979;28.864;0;0;0;0;0;0;0;6.031;34.895;0;1.729;36.624;0;8.280;44.904
COOPERATIVA DE CREDITO RURAL AURIVERDE SICOOB/SC CUNHA PORA;78858107;b3S;;I;2;CUNHA PORA;SC;03/2006;3.361;0;0;0;22.462;25.823;0;0;0;0;0;0;0;7.079;32.902;0;1.555;34.456;0;10.236;44.692
COOPERATIVA DE CREDITO RURAL DA REGIAO NORTE DO PARANA;81673154;b3S;;I;2;CORNELIO PROCOPIO;PR;03/2006;8.299;0;0;409;24.255;32.963;0;0;0;0;0;0;0;189;33.152;0;4.690;37.842;0;6.749;44.591
COOPERATIVA DE CREDITO RURAL DO OESTE DE MATO GROSSO;32995755;b3S;;I;2;TANGARA DA SERRA;MT;03/2006;9.694;0;0;346;16.131;26.171;0;0;0;0;0;0;0;258;26.430;0;7.992;34.421;0;10.000;44.421
TITULO CORRETORA DE VALORES S/A;62169875;n2;;I;2;SAO PAULO;SP;03/2006;0;0;0;0;4.548;4.548;3.722;0;0;0;0;0;0;0;8.270;0;17.608;25.878;0;18.294;44.172
CORRETORA SOUZA BARROS - CAMBIO E TITULOS S/A;61787776;n2;;I;2;SAO PAULO;SP;03/2006;0;0;0;0;674;674;0;0;0;0;0;0;0;0;674;0;21.687;22.361;0;21.790;44.151
COOPERATIVA DE CRÉDITO DO VALE DO RIO DOCE LTDA   SICOOB CREDIRIODOCE;25606237;b3S;;I;2;GOVERNADOR VALADARES;MG;03/2006;10.111;0;0;8;16.170;26.289;0;0;0;0;0;0;0;5.623;31.912;0;3.779;35.692;0;8.386;44.077
COOPERATIVA DE ECONOMIA E CRÉDITO MÚTUO DOS FABRICANTES DE CALÇADOS DE NOVA SERRANA LTDA. - CREDINOVA;1667766;b3S;;I;2;NOVA SERRANA;MG;03/2006;5.261;0;0;25.771;0;31.032;0;0;0;0;0;0;0;0;31.032;0;3.388;34.420;0;9.232;43.651
COOPERATIVA DE ECONOMIA E CRÉDITO MÚTUO DOS SERVIDORES MUNICIPAIS DO VALE DO PARAIBA, LITORAL NORTE PAULISTA E SERRA DA MANTIQUEIRA - CRESSEM;54190525;b3S;;I;2;SAO JOSE DOS CAMPOS;SP;03/2006;44;0;0;21;0;65;0;0;0;0;0;0;0;0;65;0;3.198;3.263;0;40.387;43.650
BANCO KEB DO BRASIL S.A.;2318507;b1;;I;3;SAO PAULO;SP;03/2006;9.419;0;0;3.510;0;12.929;0;0;0;0;0;0;0;253;13.182;0;2.337;15.519;2;27.688;43.209
COOPERATIVA DE CREDITO RURAL ITAIPU-SICOOB/SC- PINHALZINHO;81014060;b3S;;I;2;PINHALZINHO;SC;03/2006;4.227;0;0;1.642;14.136;20.005;0;0;0;0;0;0;0;11.126;31.131;0;1.710;32.841;0;10.112;42.953
COOPERATIVA DE CRÉDITO RURAL DO VALE DO MOGI-GUAÇU;67960229;b3S;;I;2;DESCALVADO;SP;03/2006;2.793;0;0;19.618;2.157;24.568;0;0;0;0;0;0;0;5.454;30.022;0;4.252;34.273;0;8.180;42.453
COOPERATIVA DE CRÉDITO DOS PROFISSIONAIS DA SAÚDE DAS REGIÕES DO TRIÂNGULO, CIRCUITO DAS ÁGUAS E CENTRO DE MINAS LTDA. - UNICRED MINEIRA;70937271;b3S;;I;2;UBERLANDIA;MG;03/2006;5.532;0;0;25.219;0;30.751;0;0;0;0;0;0;0;0;30.751;0;2.132;32.882;0;9.011;41.894
COOPERATIVA DE CREDITO RURAL DE JACINTO MACHADO;85291086;b3S;;I;2;JACINTO MACHADO;SC;03/2006;3.718;0;0;0;21.359;25.077;0;0;0;0;0;0;0;9.331;34.408;0;776;35.184;0;6.576;41.760
BANCO DE LA REPUBLICA ORIENTAL DEL URUGUAY;51938876;b1;;I;3;SAO PAULO;SP;03/2006;133;0;0;0;0;133;0;0;0;0;0;0;0;26;159;0;485;644;0;41.069;41.713
COOPERATIVA DE CREDITO RURAL DE PRIMAVERA DO LESTE LTDA;26563270;b3S;;I;2;PRIMAVERA DO LESTE;MT;03/2006;9.716;0;0;13.306;0;23.023;0;0;0;0;0;0;0;0;23.023;0;2.085;25.108;0;16.446;41.554
BANCO CR2 S/A;3532415;b1;;I;2;RIO DE JANEIRO;RJ;03/2006;69;0;0;15.270;0;15.340;1.759;0;0;0;0;0;0;0;17.099;0;2.134;19.233;0;22.061;41.293
COOPERATIVA DE CREDITO RURAL ENCOSTA SUPERIOR DO NORDESTE - RS;95213211;b3S;;I;2;ROLANTE;RS;03/2006;6.472;0;0;1.196;26.672;34.340;0;0;0;0;0;0;0;120;34.461;0;3.649;38.110;0;3.176;41.286
C H B - COMPANHIA HIPOTECARIA BRASILEIRA;10694628;n1;;I;2;NATAL;RN;03/2006;0;0;0;0;0;0;0;0;0;0;0;0;0;0;0;0;37.947;37.947;0;3.320;41.267
COOPERATIVA DE CRÉDITO DE LIVRE ADMISSÃO DE ASSOCIADOS DE ESPUMOSO - SICREDI ESPUMOSO RS;87900411;b3S;;I;2;ESPUMOSO;RS;03/2006;3.046;0;0;518;10.897;14.461;0;0;0;0;0;0;0;438;14.898;0;12.673;27.571;0;13.688;41.260
COOPERATIVA DE ECONOMIA E CRÉDITO MÚTUO DOS COMERCIANTES DE MATERIAL DE CONSTRUÇÃO DE GOVERNADOR VALADARES LTDA.;1559914;b3S;;I;2;GOVERNADOR VALADARES;MG;03/2006;5.745;0;0;0;20.272;26.017;0;0;0;0;0;0;0;0;26.017;0;1.266;27.283;0;13.323;40.607
COOPERATIVA DE CRÉDITO DE BOM DESPACHO LTDA - SICOOB CREDIBOM;21670187;b3S;;I;2;BOM DESPACHO;MG;03/2006;4.286;0;0;0;23.097;27.383;0;0;0;0;0;0;0;412;27.795;0;5.704;33.499;0;6.812;40.311
COOPERATIVA DE CREDITO SUL RIO GRANDENSE;92796564;b3S;;I;2;PORTO ALEGRE;RS;03/2006;7.896;0;0;2.909;26.250;37.055;0;0;0;0;0;0;0;149;37.205;0;1.901;39.106;0;1.150;40.256
COOPERATIVA DE CREDITO RURAL DO VALE DO CANOINHAS;78834975;b3S;;I;2;CANOINHAS;SC;03/2006;3.765;0;0;0;13.309;17.074;0;0;0;0;0;0;0;13.071;30.146;0;1.634;31.780;0;8.318;40.098
COOPERATIVA DE CREDITO RURAL DOS PLANTADORES DE CANA DO PARANA;79063574;b3S;;I;2;SANTO ANTONIO DA PLATINA;PR;03/2006;8.192;0;0;5;20.076;28.274;0;0;0;0;0;0;0;487;28.761;0;5.854;34.614;0;5.338;39.952
COOPERATIVA DE CRÉDITO RURAL DO NORTE DE MINAS - SICOOB CREDINOR;21866694;b3S;;I;2;MONTES CLAROS;MG;03/2006;5.057;0;0;0;9.579;14.635;0;0;0;0;0;0;0;12.694;27.329;0;4.837;32.167;0;7.766;39.932
COOPERATIVA DE CRÉDITO DE LIVRE ADMISSÃO DE ASSOCIADOS DE SERRO AZUL - SICREDI SERRO AZUL;88894548;b3S;;I;2;CERRO LARGO;RS;03/2006;3.012;0;0;181;21.184;24.377;0;0;0;0;0;0;0;180;24.558;0;9.863;34.420;0;5.388;39.808
COOPERATIVA DE ECONOMIA E CREDITO MUTUO PERDIGAO;82096447;b3S;;I;2;VIDEIRA;SC;03/2006;0;0;0;12.821;0;12.821;0;0;0;0;0;0;0;0;12.821;0;3.241;16.062;0;23.299;39.360
COOPERATIVA DE CRÉDITO RURAL DA REGIÃO DE ORLÂNDIA;53935029;b3S;;I;2;ORLANDIA;SP;03/2006;2.705;0;0;0;7.456;10.161;0;0;0;0;0;0;0;383;10.545;0;4.401;14.946;0;24.280;39.226
COOPERATIVA DE CREDITO RURAL DE LARANJEIRAS DO SUL;81115149;b3S;;I;2;LARANJEIRAS DO SUL;PR;03/2006;5.872;0;0;10;18.135;24.018;0;0;0;0;0;0;0;132;24.150;0;8.167;32.317;0;6.848;39.165
COOPERATIVA DE CREDITO RURAL OESTE CATARINENSE-SICOOB/SC-OESTECREDI;78825023;b3S;;I;2;PALMITOS;SC;03/2006;3.108;0;0;6.815;11.948;21.871;0;0;0;0;0;0;0;7.536;29.407;0;930;30.337;0;8.499;38.835
THECA;50744;n1;;C;2;SAO PAULO;SP;03/2006;0;0;0;0;1.422;1.422;0;0;0;0;0;0;0;0;1.422;0;19.295;20.717;0;18.052;38.768
COOPERATIVA DE CREDITO RURAL NOVA MUTUM;26529420;b3S;;I;2;NOVA MUTUM;MT;03/2006;7.673;0;0;8;12.020;19.700;0;0;0;0;0;0;0;300;20.000;0;9.262;29.262;0;9.200;38.462
TENDENCIA;42264;b2;;C;2;SAO PAULO;SP;03/2006;0;0;0;0;0;0;0;0;0;0;0;0;0;0;0;0;11.156;11.156;0;27.131;38.287
COOPERATIVA REGIONAL DE CRÉDITO DO SUDOESTE MINEIRO E NORDESTE PAULISTA LTDA - SICOOB NOSSO CRÉDITO;22760839;b3S;;I;2;SAO SEBASTIAO DO PARAISO;MG;03/2006;3.229;0;0;0;6.446;9.675;0;0;0;0;0;0;0;17.208;26.883;0;3.506;30.389;0;7.565;37.954
CM CAPITAL MARKETS CORRETORA CAMBIO TIT VAL MOB LTDA;2685483;n2;;I;3;SAO PAULO;SP;03/2006;0;0;0;0;0;0;0;0;0;0;0;0;0;0;0;0;15.435;15.435;0;21.986;37.421
COOPERATIVA DE ECONOMIA E CREDITO MUTUO DOS PROFISSIONAIS DA AREA DE SAUDE DA REGIAO OESTE DO PARANA LTDA;1736243;b3S;;I;2;CASCAVEL;PR;03/2006;3.628;0;0;5;26.179;29.812;0;0;0;0;0;0;0;0;29.812;0;1.010;30.822;0;6.585;37.408
INTERFLOAT HZ CORRETORA DE CÂMBIO, TÍTULOS E VALORES MOBILIÁRIOS LTDA.;4020986;n2;;I;2;SAO PAULO;SP;03/2006;0;0;0;0;0;0;0;0;0;0;0;0;0;0;0;0;9.514;9.514;0;27.732;37.246
COOPERATIVA DE CREDITO RURAL RIO BANANAL-SICOOB RIO BANANAL;39345806;b3S;;I;2;RIO BANANAL;ES;03/2006;4.379;0;0;71;15.408;19.859;0;0;0;0;0;0;0;6.554;26.413;0;1.516;27.929;0;9.277;37.206
ELITE CORRETORA DE CÂMBIO E VALORES MOBILIÁRIOS LTDA;28048783;n2;;I;2;RIO DE JANEIRO;RJ;03/2006;0;0;0;0;4;4;0;0;0;0;0;0;0;0;4;45;27.808;27.856;0;9.201;37.057
COOPERATIVA DE ECONOMIA E CRÉDITO MÚTUO DOS MÉDICOS DE NATAL -  UNICRED NATAL;70038237;b3S;;I;2;NATAL;RN;03/2006;6.844;0;0;0;16.398;23.242;0;0;0;0;0;0;0;0;23.242;0;1.946;25.188;0;11.750;36.938
BANCO CAPITAL S.A.;15173776;b1;;I;2;SALVADOR;BA;03/2006;5.517;0;0;0;0;5.517;0;0;0;0;0;0;0;0;5.517;0;2.962;8.478;118;28.221;36.818
COOPERATIVA DE ECONOMIA E CRÉDITO MÚTUO DOS MÉDICOS E DEMAIS PROFISSIONAIS DE SAÚDE DE NÍVEL SUPERIOR DE UBERABA;71432926;b3S;;I;2;UBERABA;MG;03/2006;5.846;0;0;24.528;4;30.378;0;0;0;0;0;0;0;0;30.378;0;1.646;32.023;0;4.783;36.807
COOPERATIVA DE CREDITO RURAL CENTRO SUL DO PARANA;78907607;b3S;;I;2;PRUDENTOPOLIS;PR;03/2006;4.512;0;0;72;14.609;19.193;0;0;0;0;0;0;0;130;19.324;0;10.562;29.886;0;6.351;36.237
SOLIDEZ - CORRETORA DE CÂMBIO, TÍTULOS E VALORES MOBILIÁRIOS LTDA;96477906;n2;;I;2;SAO PAULO;SP;03/2006;0;0;0;0;0;0;0;0;0;0;0;0;0;0;0;0;20.958;20.958;0;15.145;36.103
BANCO PORTO REAL DE INVESTIMENTO S.A;40429946;b2;;I;2;PORTO REAL;RJ;03/2006;0;0;0;16.903;0;16.903;0;0;0;0;0;0;0;898;17.801;0;1.638;19.439;0;16.619;36.058
COOPERATIVA CENTRAL DE CRÉDITO RURAL COM INTERAÇÃO SOLIDÁRIA - CRESOL CENTRAL SC/RS;7202627;b3C;;I;2;CHAPECO;SC;03/2006;87;0;0;0;0;87;0;0;0;0;0;0;0;762;849;0;32.522;33.371;0;2.037;35.409
COOPERATIVA DE CREDITO RURAL PARANAPANEMA;79086997;b3S;;I;2;CAMBARA;PR;03/2006;5.296;0;0;59;13.906;19.261;0;0;0;0;0;0;0;308;19.569;0;7.860;27.428;0;7.916;35.344
COOPERATIVA DE CREDITO RURAL DE VIDEIRA-SICOOB/SC VIDEIRA;81016131;b3S;;I;2;VIDEIRA;SC;03/2006;3.170;0;0;0;20.341;23.511;0;0;0;0;0;0;0;7.084;30.594;0;800;31.394;0;3.811;35.205
COOPERATIVA DE CREDITO RURAL DO NOROESTE - SICREDI NOVA LONDRINA;81206039;b3S;;I;2;NOVA LONDRINA;PR;03/2006;4.479;0;0;2.006;17.008;23.492;0;0;0;0;0;0;0;109;23.601;0;7.151;30.752;0;4.300;35.052
COOPERATIVA DE CREDITO RURAL DO NOROESTE DE MATO GROSSO;33022690;b3S;;I;2;ARAPUTANGA;MT;03/2006;10.341;0;0;58;11.973;22.373;0;0;0;0;0;0;0;205;22.578;0;3.757;26.335;0;8.541;34.877
COOPERATIVA DE CREDITO RURAL CENTRO NORTE DO PARANA;78717469;b3S;;I;2;APUCARANA;PR;03/2006;5.939;0;0;60;19.245;25.244;0;0;0;0;0;0;0;97;25.342;0;4.791;30.133;0;4.430;34.563
COOPERATIVA DE CRÉDITO DE LIVRE ADMISSÃO DE ASSOCIADOS DA QUARTA COLÔNIA DO RGS - SICREDI QUARTA COLÔNIA;87755047;b3S;;I;2;NOVA PALMA;RS;03/2006;1.556;0;0;528;15.732;17.815;0;0;0;0;0;0;0;174;17.989;0;10.567;28.556;0;5.765;34.321
COOPERATIVA DE CRÉDITO DE LIVRE ADMISSÃO DE ASSOCIADOS DE IBIRUBÁ - SICREDI IBIRUBÁ;87732657;b3S;;I;2;IBIRUBA;RS;03/2006;3.521;0;0;512;16.183;20.216;0;0;0;0;0;0;0;161;20.377;0;8.076;28.454;0;5.416;33.870
ISOLDI S/A - CORRETORA DE VALORES MOBILIARIOS;62051263;n2;;I;2;SAO PAULO;SP;03/2006;0;0;0;0;0;0;0;0;0;0;0;0;0;0;0;0;12.086;12.086;0;21.755;33.841
COOPERATIVA DE ECONOMIA E CREDITO MUTUO DOS MEDICOS E DEMAIS PROFISSIONAIS DA SAUDE DA FOZ DO RIO ITAJAI AÇU;74114042;b3S;;I;2;ITAJAI;SC;03/2006;5.313;0;0;20.871;0;26.184;0;0;0;0;0;0;0;0;26.184;0;719;26.903;0;6.638;33.541
COOPERATIVA DE CRÉDITO RURAL COOPAVEL;76461557;b3S;;I;2;CASCAVEL;PR;03/2006;6.335;0;0;0;6.169;12.504;0;0;0;0;0;0;0;8.669;21.173;0;2.653;23.827;0;9.474;33.301
COOPERATIVA DE CREDITO RURAL DO PONTAL DO TRIANGULO LTDA - SICOOB CREDIPONTAL;26178533;b3S;;I;2;ITUIUTABA;MG;03/2006;6.140;0;0;0;14.315;20.455;0;0;0;0;0;0;0;13;20.468;0;4.141;24.608;0;7.982;32.590
COOPERATIVA DE CREDITO RURAL NORTE MATOGROSSENSE;37442605;b3S;;I;2;COLIDER;MT;03/2006;10.359;0;0;1.009;8.642;20.010;0;0;0;0;0;0;0;213;20.224;0;4.715;24.938;0;7.269;32.207
ASSOCIACAO DE POUPANCA E EMPRESTIMO DE PERNAMBUCO-APEPE;10959245;n1;;I;2;RECIFE;PE;03/2006;0;0;0;0;0;0;0;0;0;0;0;0;0;3.690;3.690;0;23.316;27.006;0;5.098;32.104
SITA SOCIEDADE CORRETORA DE CAMBIO E VALORES MOBILIARIOS S.A;17315359;n2;;I;2;BELO HORIZONTE;MG;03/2006;0;0;0;0;87;87;0;0;0;0;0;0;0;0;87;10;4.703;4.800;0;27.185;31.985
COOPERATIVA DE CRÉDITO DE LIVRE ADMISSÃO DE ASSOCIADOS DO CENTRO SUL DO RGS - SICREDI CENTRO SUL;87733341;b3S;;I;2;SAO SEPE;RS;03/2006;2.530;0;0;4.122;10.314;16.966;0;0;0;0;0;0;0;1.365;18.330;0;7.882;26.213;0;5.757;31.969
COOPERATIVA DE CRÉDITO MÚTUO DOS ENGENHEIROS E ARQUITETOS DAS MICRO-REGIÕES DE GOIÂNIA E ANÁPOLIS LTDA.;4388688;b3S;;I;2;GOIANIA;GO;03/2006;6.815;0;0;0;14.549;21.364;0;0;0;0;0;0;0;244;21.609;0;533;22.141;0;9.771;31.912
COOPERATIVA DE ECONOMIA E CRÉDITO MÚTUO DOS SERVIDORES DA FEDERAÇÃO DO COMÉRCIO, SESC E SENAC DE SÃO PAULO;62928320;b3S;;I;2;SAO PAULO;SP;03/2006;0;0;0;0;0;0;0;0;0;0;0;0;0;0;0;0;1.892;1.892;0;29.980;31.873
QUERO-QUERO FINANCIADORA S/A - CRÉDITO, FINANCIAMENTO E INVESTIMENTOS;5192316;n1;;I;2;SANTO CRISTO;RS;03/2006;0;0;0;0;0;0;0;0;0;0;0;18.683;18.683;0;18.683;0;5.137;23.820;0;8.005;31.825
COOPERATIVA DE CREDITO RURAL DE MANHUACU LTDA. - SICOOB CREDITOREAL;41697103;b3S;;I;2;MANHUACU;MG;03/2006;8.274;0;0;137;10.002;18.412;0;0;0;0;0;0;0;3.678;22.091;0;4.141;26.232;0;5.523;31.754
COBANSA COMPANHIA HIPOTECARIA;53263331;n1;;I;2;SAO PAULO;SP;03/2006;0;0;0;0;0;0;0;0;0;0;0;0;0;22.590;22.590;0;3.315;25.905;0;5.653;31.559
COOPERATIVA DE ECONOMIA E CREDITO MUTUO DOS MEDICOS E DEMAIS PROFISSIONAIS DA SAUDE DO NORTE CATARINENSE - UNICRED NORTE CATARINENSE;1392522;b3S;;I;2;JOINVILLE;SC;03/2006;3.374;0;0;24.358;0;27.732;0;0;0;0;0;0;0;0;27.732;0;638;28.370;0;2.561;30.931
COOPERATIVA DE CREDITO RURAL ITAPIRANGA  SICOOB-SC CREDITAPIRANGA;78483310;b3S;;I;2;ITAPIRANGA;SC;03/2006;2.237;0;0;2;18.737;20.975;0;0;0;0;0;0;0;2.896;23.871;0;591;24.462;0;6.193;30.655
GRAZZIOTIN FINANCIADORA S/A - CRÉDITO, FINANCIAMENTO E INVESTIMENTOS;6339468;n1;;I;2;PASSO FUNDO;RS;03/2006;0;0;0;0;0;0;0;0;0;0;0;20.661;20.661;0;20.661;0;1.348;22.009;0;8.581;30.590
COOPERATIVA DE CRÉDITO RURAL DO VALE DO PARANAÍBA LTDA;24799033;b3S;;I;2;QUIRINOPOLIS;GO;03/2006;5.599;0;0;3.384;731;9.714;0;0;0;0;0;0;0;603;10.316;0;3.575;13.892;0;16.514;30.405
ARKHE DISTRIBUIDORA DE TITULOS E VALORES MOBILIARIOS LTDA;3816975;n2;;I;2;RIO DE JANEIRO;RJ;03/2006;0;0;0;0;0;0;0;0;0;0;0;0;0;0;0;0;13.754;13.754;0;16.474;30.228
COOPERATIVA DE CRÉDITO DOS EMPRESÁRIOS DE CASCAVEL - SICOOB CASCAVEL;4529074;b3S;;I;2;CASCAVEL;PR;03/2006;2.390;0;0;0;23.183;25.573;0;0;0;0;0;0;0;163;25.736;0;459;26.195;0;4.013;30.208
COOPERATIVA DE ECONOMIA E CREDITO MUTUO DOS SERVIDORES DO PODER JUDICIARIO DO ESTADO DE MATO GROSSO - CREDIJUD;3326437;b3S;;I;2;CUIABA;MT;03/2006;1.275;0;0;1.482;20.057;22.815;0;0;0;0;0;0;0;42;22.856;0;958;23.814;0;6.335;30.150
COOPERATIVA DE CREDITO RURAL DE LINHARES - SICOOB LINHARES;32430233;b3S;;I;2;LINHARES;ES;03/2006;5.820;0;0;3.463;8.668;17.950;0;0;0;0;0;0;0;4.543;22.493;0;1.697;24.190;0;5.912;30.102
BANCO MAXINVEST S.A.;80271455;b2;;I;2;CURITIBA;PR;03/2006;0;0;0;0;0;0;0;0;0;0;0;0;0;0;0;0;1.919;1.919;0;28.119;30.038
TOV CORRETORA DE CÂMBIO, TÍTULOS E VALORES MOBILIÁRIOS LTDA;74451022;n2;;I;2;POCOS DE CALDAS;MG;03/2006;0;0;0;0;328;328;589;0;0;0;0;0;0;0;917;0;16.463;17.381;0;12.600;29.981
COOPERATIVA DE CRÉDITO DE LIVRE ADMISSÃO DE ASSOCIADOS DA REGIÃO DE PALMEIRA DAS MISSÕES - SICREDI GRANDE PALMEIRA;87789178;b3S;;I;2;PALMEIRA DAS MISSOES;RS;03/2006;3.170;0;0;591;10.262;14.023;0;0;0;0;0;0;0;562;14.585;0;6.960;21.545;0;8.355;29.900
BANEX S/A - CRÉDITO, FINANCIAMENTO E INVESTIMENTO;33550104;n1;;I;2;SAO PAULO;SP;03/2006;0;0;0;0;0;0;0;0;0;0;0;7.649;7.649;0;7.649;0;13.989;21.638;256;7.625;29.519
LIQUIDEZ DISTRIBUIDORA DE TÍTULOS E VALORES MOBILIÁRIOS LTDA.;33862244;n2;;I;2;RIO DE JANEIRO;RJ;03/2006;0;0;0;0;0;0;0;0;0;0;0;0;0;0;0;0;11.540;11.540;0;17.722;29.261
COOPERATIVA DE CRÉDITO RURAL DE PORTO VELHO LTDA.;4544165;b3S;;I;2;PORTO VELHO;RO;03/2006;1.950;0;0;1.382;14.473;17.805;0;0;0;0;0;0;0;1.987;19.792;0;604;20.395;0;8.850;29.245
COOPERATIVA DE CRÉDITO RURAL DE PARÁ DE MINAS LTDA;25387713;b3S;;I;2;PARA DE MINAS;MG;03/2006;4.533;0;0;0;17.460;21.993;0;0;0;0;0;0;0;13;22.006;0;2.657;24.662;0;4.295;28.957
COOPERATIVA DE CRÉDITO RURAL DE PIMENTA BUENO - CREDIP;2015588;b3S;;I;2;PIMENTA BUENO;RO;03/2006;6.620;0;0;3.052;6.061;15.732;0;0;0;0;0;0;0;5.441;21.173;0;1.313;22.486;0;6.239;28.725
UMUARAMA S/A - CORRETORA DE TITULOS E VALORES MOBILIARIOS;33968066;n2;;I;2;RIO DE JANEIRO;RJ;03/2006;0;0;0;0;0;0;0;0;0;0;0;0;0;0;0;9;20.494;20.503;0;7.869;28.372
COOPERATIVA DE CREDITO DE MURIAÉ LTDA - SICOOB CREDIMUR;66193350;b3S;;I;2;MURIAE;MG;03/2006;6.953;0;0;6;13.693;20.652;0;0;0;0;0;0;0;30;20.682;0;3.017;23.699;0;4.625;28.324
COOPERATIVA DE CRÉDITO RURAL REGIONAL DE MANDAGUARI;79457883;b3S;;I;2;MANDAGUARI;PR;03/2006;3.364;0;0;56;12.349;15.769;0;0;0;0;0;0;0;515;16.284;0;5.082;21.366;0;6.914;28.280
TROPICAL COMPANHIA DE CREDITO IMOBILIARIO;4392825;n1;;I;2;MANAUS;AM;03/2006;0;0;0;0;0;0;0;0;0;0;0;0;0;0;0;0;27.829;27.829;0;427;28.256
COOPERATIVA DE ECONOMIA E CRÉDITO MÚTUO DOS MÉDICOS E DEMAIS  PROFISSIONAIS DE NÍVEL SUPERIOR DA  SAÚDE DE SALVADOR LTDA - UNICRED  SALVADOR;2245493;b3S;;I;2;SALVADOR;BA;03/2006;3.635;0;0;0;550;4.186;0;0;0;0;0;0;0;0;4.186;0;2.597;6.782;0;21.448;28.231
COOPERATIVA DE CRÉDITO DOS MÉDICOS E DEMAIS PROFISSIONAIS DA SAÚDE DO OESTE DE MINAS LTDA;71425458;b3S;;I;2;FORMIGA;MG;03/2006;12.508;0;0;11.997;9;24.514;0;0;0;0;0;0;0;0;24.514;0;1.514;26.028;0;2.112;28.140
BANCO INDUSCRED DE INVESTIMENTO S.A.;33588252;b2;;I;2;SAO PAULO;SP;03/2006;0;0;0;1.608;0;1.608;0;0;0;0;0;0;0;0;1.608;0;1.468;3.076;0;24.908;27.984
COOPERATIVA DE CRÉDITO MÚTUO DOS INTEGRANTES DO MINISTÉRIO PÚBLICO DO ESTADO DO RIO DE JANEIRO LTDA.;4694278;b3S;;I;2;RIO DE JANEIRO;RJ;03/2006;1.056;0;0;0;21.118;22.174;0;0;0;0;0;0;0;0;22.174;0;979;23.153;0;4.788;27.941
COOPERATIVA DE CRÉDITO RURAL DA ALTA PAULISTA;59869560;b3S;;I;2;ADAMANTINA;SP;03/2006;2.131;0;0;0;17.457;19.588;0;0;0;0;0;0;0;1.271;20.859;0;431;21.290;0;6.509;27.799
COOPERATIVA CENTRAL DE CRÉDITO DO NORTE DO BRASIL - SICOOB CENTRAL NORTE;3502131;b3C;;I;2;PORTO VELHO;RO;03/2006;0;0;0;0;0;0;0;0;0;0;0;0;0;0;0;0;23.885;23.885;0;3.878;27.763
COOPERATIVA DE ECONOMIA E CRÉDITO MÚTUO DOS MÉDICOS E DEMAIS  PROFISSIONAIS DA SAÚDE DE NÍVEL SUPERIOR DE MANAUS LTDA.;1566038;b3S;;I;2;MANAUS;AM;03/2006;4.554;0;0;12.986;22;17.562;0;0;0;0;0;0;0;0;17.562;0;1.738;19.300;0;8.348;27.648
SAO PAULO CORRETORA DE VALORES LTDA;61822052;n2;;I;2;SAO PAULO;SP;03/2006;0;0;0;0;0;0;0;0;0;0;0;0;0;0;0;0;23.703;23.703;0;3.776;27.478
COOPERATIVA DE ECONOMIA E CRÉDITO MÚTUO DOS FUNCIONÁRIOS DA ASSEMBLEIA LEGISLATIVA DO ESTADO DE MINAS GERAIS LTDA. - SICOOB COFAL;21797311;b3S;;I;2;BELO HORIZONTE;MG;03/2006;657;0;0;11.139;2.583;14.379;0;0;0;0;0;0;0;0;14.379;0;3.613;17.992;0;9.458;27.450
NOVAÇÃO DISTRIBUIDORA DE TÍTULOS E VALORES MOBILIÁRIOS LTDA.;62170824;n2;;I;2;SAO PAULO;SP;03/2006;0;0;0;0;0;0;0;0;0;0;0;0;0;0;0;0;5.262;5.262;0;22.030;27.291
COOPERATIVA DE CRÉDITO DOS INTEGRANTES DO PODER JUDICIÁRIO E DO MINISTÉRIO PÚBLICO DO ESTADO DE MINAS GERAIS LTDA. - SICOOB JUS-MP;3519240;b3S;;I;2;BELO HORIZONTE;MG;03/2006;3.166;0;0;0;19.973;23.138;0;0;0;0;0;0;0;0;23.138;0;396;23.535;0;3.436;26.971
ATRIA S.A.- CRÉDITO, FINANCIAMENTO E INVESTIMENTO;5956581;n1;;I;2;ARAUCARIA;PR;03/2006;0;0;0;0;0;0;0;0;0;0;0;0;0;0;0;0;3.519;3.519;0;23.340;26.858
COOPERATIVA DE CRÉDITO RURAL VALE DO BANDEIRANTE;78141876;b3S;;I;2;ASTORGA;PR;03/2006;4.170;0;0;392;13.420;17.983;0;0;0;0;0;0;0;115;18.098;0;4.676;22.774;0;3.991;26.765
MALCON FINANCEIRA S.A. - SOCIEDADE DE CRÉDITO, FINANCIAMENTO E INVESTIMENTO;92722255;n1;;I;2;PORTO ALEGRE;RS;03/2006;0;0;0;0;0;0;0;0;0;0;0;10.055;10.055;0;10.055;0;3.504;13.559;0;13.161;26.720
MELLON SERVIÇOS FINANCEIROS DISTRIBUIDORA DE TÍTULOS E VALORES MOBILIÁRIOS S.A.;2201501;n2;;I;3;RIO DE JANEIRO;RJ;03/2006;0;0;0;0;0;0;0;0;0;0;0;0;0;0;0;0;5.050;5.050;0;21.668;26.718
MAGLIANO S/A CORRETORA DE CAMBIO E VALORES MOBILIARIOS;61723847;n2;;I;2;SAO PAULO;SP;03/2006;0;0;0;0;1.013;1.013;0;0;0;0;0;0;0;13;1.026;0;8.181;9.208;0;17.223;26.430
COOPERATIVA DE ECONOMIA E CREDITO MUTUO DOS MEDICOS E DEMAIS PROFISSIONAIS DA SAUDE DE PELOTAS LTDA;1807464;b3S;;I;2;PELOTAS;RS;03/2006;16.003;0;0;6.363;0;22.366;0;0;0;0;0;0;0;0;22.366;0;557;22.922;0;3.478;26.400
COOPERATIVA DE ECONOMIA E CRÉDITO MÚTUO DOS MÉDICOS E DEMAIS PROFISSIONAIS DA ÁREA DE SAÚDE DE NÍVEL SUPERIOR DE JUIZ DE FORA LTDA. - UNICRED JUIZ DE FORA;71479653;b3S;;I;2;JUIZ DE FORA;MG;03/2006;2.924;0;0;14.790;0;17.714;0;0;0;0;0;0;0;0;17.714;0;1.444;19.158;0;7.171;26.329
COOPERATIVA DE ECONOMIA E CRÉDITO MÚTUO DOS MÉDICOS E PROFISSIONAIS DA ÁREA DA SAÚDE DE PRESIDENTE PRUDENTE E REGIÃO - UNICRED OESTE PAULISTA;74220948;b3S;;I;2;PRESIDENTE PRUDENTE;SP;03/2006;2.395;0;0;9.992;12.583;24.970;0;0;0;0;0;0;0;0;24.970;0;612;25.582;0;713;26.295
COOPERATIVA DE CRÉDITO DE LIVRE ADMISSÃO DE ASSOCIADOS DO VALE DO SOTURNO - SICREDI VALE DO SOTURNO;87788394;b3S;;I;2;FAXINAL DO SOTURNO;RS;03/2006;1.137;0;0;3.711;9.633;14.481;0;0;0;0;0;0;0;144;14.625;0;7.587;22.212;0;4.022;26.235
COOPERATIVA DE CREDITO RURAL DO NORTE CATARINENSE SICOOB/SC- CREDINORTE;81011686;b3S;;I;2;MAFRA;SC;03/2006;2.436;0;0;0;13.329;15.765;0;0;0;0;0;0;0;11.178;26.943;0;872;27.814;0;-1.585;26.230
COOPERATIVA DE CRÉDITO RURAL CENTRO NORTE DO MS;3566655;b3S;;I;2;SAO GABRIEL DO OESTE;MS;03/2006;8.538;0;0;1.015;7.569;17.122;0;0;0;0;0;0;0;4.134;21.256;0;1.417;22.672;0;3.550;26.223
GOLDMAN SACHS DO BRASIL BANCO MULTIPLO S.A.;4332281;b2;;I;3;SAO PAULO;SP;03/2006;0;0;0;0;0;0;0;0;0;0;0;0;0;0;0;0;737;737;0;25.441;26.178
COOPERATIVA DE CRÉDITO DE LIVRE ADMISSÃO DE ASSOCIADOS DO VALE DO RIO CAMAQUÃ - SICREDI VALE DO CAMAQUÃ;88473798;b3S;;I;2;CACAPAVA DO SUL;RS;03/2006;3.969;0;0;67;12.771;16.807;0;0;0;0;0;0;0;199;17.006;0;3.207;20.213;0;5.855;26.068
COOPERATIVA DE ECONOMIA E CRÉDITO MÚTUO DOS METALÚRGICOS DE CLÁUDIO LTDA - COPERMEC;2232383;b3S;;I;2;CLAUDIO;MG;03/2006;1.836;0;0;0;11.310;13.146;0;0;0;0;0;0;0;0;13.146;0;967;14.113;0;11.876;25.988
COOPERATIVA DE CRÉDITO RURAL DE SETE LAGOAS LTDA;22753982;b3S;;I;2;SETE LAGOAS;MG;03/2006;5.809;0;0;0;13.696;19.505;0;0;0;0;0;0;0;69;19.573;0;1.489;21.062;0;4.805;25.868
COOPERATIVA DE ECONOMIA E CRÉDITO MÚTUO DOS MÉDICOS E DEMAIS  PROFISSIONAIS DA SAÚDE DA REGIÃO SUL DA BAHIA - UNICRED REGIÃO SUL DA BAHIA;97489280;b3S;;I;2;ITABUNA;BA;03/2006;2.954;0;0;2.098;11.724;16.775;0;0;0;0;0;0;0;0;16.775;0;837;17.613;0;8.142;25.755
COOPERATIVA DE CRÉDITO DOS INTEGRANTES DO PODER JUDICIÁRIO DA UNIÃO E MPU EM MINAS GERAIS LTDA. - SICOOB COOPJUS;25363615;b3S;;I;2;BELO HORIZONTE;MG;03/2006;0;0;0;5.525;0;5.525;0;0;0;0;0;0;0;0;5.525;0;1.736;7.261;0;18.488;25.748
COOPERATIVA DE CRÉDITO RURAL TERCEIRO PLANALTO;77984870;b3S;;I;2;GUARAPUAVA;PR;03/2006;5.192;0;0;485;12.085;17.763;0;0;0;0;0;0;0;123;17.886;0;4.158;22.044;0;3.704;25.748
BANCO MONEO S.A.;7441209;b2;;I;2;CAXIAS DO SUL;RS;03/2006;0;0;0;0;0;0;0;0;0;0;0;0;0;0;0;0;2.150;2.150;0;23.351;25.500
COOPERATIVA DE CREDITO RURAL DO VALE SICOOB/SC-BRAÇO DO NORTE;86829827;b3S;;I;2;BRACO DO NORTE;SC;03/2006;2.620;0;0;0;17.249;19.868;0;0;0;0;0;0;0;1.255;21.124;0;627;21.751;0;3.630;25.381
COOPERATIVA DE CRÉDITO DOS MÉDICOS E DEMAIS PROFISSIONAIS DA SAÚDE DE CRICIÚMA;75847;b3S;;I;2;CRICIUMA;SC;03/2006;2.173;0;0;17.491;0;19.664;0;0;0;0;0;0;0;0;19.664;0;869;20.533;0;4.703;25.236
COOPERATIVA DE CRÉDITO RURAL DE POMPÉU LTDA;66262643;b3S;;I;2;POMPEU;MG;03/2006;3.205;0;0;0;10.799;14.004;0;0;0;0;0;0;0;46;14.050;0;3.669;17.719;0;7.459;25.178
COOPERATIVA DE CRÉDITO DE PRODUTORES RURAIS E DE LIVRE ADMISSÃO DO TRIÂNGULO LTDA    SICOOB CREDITRIL;41669227;b3S;;I;2;UBERLANDIA;MG;03/2006;4.934;0;0;0;10.455;15.390;0;0;0;0;0;0;0;30;15.420;0;4.104;19.524;0;5.447;24.970
COOPERATIVA DE CREDITO RURAL HORIZONTES NOVOS DE NOVO SARANDI-CREHNOR;1869822;b3S;;I;2;SARANDI;RS;03/2006;1.500;0;0;6.863;88;8.451;0;0;0;0;0;0;0;0;8.451;0;8.222;16.674;0;8.228;24.902
COOPERATIVA DE ECONOMIA E CRÉDITO MÚTUO DOS MÉDICOS E  DEMAIS PROFISSIONAIS DA SAÚDE DE PATOS DE MINAS LTDA;2582212;b3S;;I;2;PATOS DE MINAS;MG;03/2006;1.967;0;0;19.481;0;21.448;0;0;0;0;0;0;0;0;21.448;0;617;22.065;0;2.825;24.890
COOPERATIVA DE CRÉDITO DA REGIÃO DE ARAXÁ LTDA. - SICOOB CREDIARA;66398496;b3S;;I;2;ARAXA;MG;03/2006;4.849;0;0;0;7.538;12.387;0;0;0;0;0;0;0;2.636;15.023;0;3.796;18.819;0;5.976;24.795
COOPERATIVA DE CREDITO RURAL CRAVIL;80959612;b3S;;I;2;RIO DO SUL;SC;03/2006;6.604;0;0;0;11.941;18.545;0;0;0;0;0;0;0;3.712;22.257;0;486;22.743;0;1.989;24.732
COOPERATIVA DE ECONOMIA E CREDITO MUTUO DOS MEDICOS DOS VALES DO TAQUARI E RIO PARDO LTDA -UNICRED VALES DO TAQUARI E RIO PARDO;1635462;b3S;;I;2;LAJEADO;RS;03/2006;2.387;0;0;0;12.681;15.068;0;0;0;0;0;0;0;8;15.076;0;835;15.911;0;8.612;24.524
COOPERATIVA DE CREDITO DOS MEDICOS E DEMAIS  PROFISSIONAIS DA SAUDE DE LAGES;1052245;b3S;;I;2;LAGES;SC;03/2006;1.419;0;0;19.853;0;21.273;0;0;0;0;0;0;0;0;21.273;0;589;21.862;0;2.652;24.514
COOPERATIVA DE CRÉDITO RURAL DO ARAGUAIA;32953317;b3S;;I;2;AGUA BOA;MT;03/2006;7.735;0;0;424;6.155;14.314;0;0;0;0;0;0;0;304;14.617;0;1.789;16.406;0;7.936;24.343
COOPERATIVA DE ECONOMIA E CREDITO MUTUO DOS MEDICOS E DEMAIS PROFISSIONAIS DA SAUDE DE NOVA IGUACU LTDA;86803939;b3S;;I;2;NOVA IGUACU;RJ;03/2006;5.758;0;0;13.652;76;19.486;0;0;0;0;0;0;0;0;19.486;0;613;20.099;0;4.110;24.209
COOPERATIVA DE CRÉDITO RURAL DO ALTO PARANAPANEMA - SICREDI CAPAL;7206072;b3S;;I;2;ARAPOTI;PR;03/2006;897;0;0;0;19.634;20.531;0;0;0;0;0;0;0;0;20.531;0;1.816;22.347;0;1.849;24.196
COOPERATIVA DE CRÉDITO RURAL DE PITANGUI LTDA-SICOOB CREDICOOP;41931221;b3S;;I;2;PITANGUI;MG;03/2006;2.721;0;0;0;15.250;17.971;0;0;0;0;0;0;0;15;17.986;0;2.121;20.107;0;4.087;24.194
COOPERATIVA DE CREDITO DE FORMIGA LTDA - SICOOB CREDIFOR;41931445;b3S;;I;2;FORMIGA;MG;03/2006;3.501;0;0;0;9.302;12.803;0;0;0;0;0;0;0;0;12.803;0;6.120;18.923;0;5.130;24.053
COOPERATIVA DE CRÉDITO RURAL DOS PLANTADORES DE CANA DA REGIÃO DE CAPIVARI;49389307;b3S;;I;2;CAPIVARI;SP;03/2006;3.369;0;0;15.283;49;18.701;0;0;0;0;0;0;0;0;18.701;0;1.625;20.326;0;3.573;23.898
COOPERATIVA DE CREDITO RURAL DO MEIO OESTE CATARINENSE SICOOB/SC- CREDIMOC;80959638;b3S;;I;2;XANXERE;SC;03/2006;2.381;0;0;0;16.861;19.242;0;0;0;0;0;0;0;134;19.376;0;731;20.107;0;3.770;23.876
COOPERATIVA DE CRÉDITO RURAL NOROESTE - SICOOB/SC NOROESTE;81292278;b3S;;I;2;SAO LOURENCO D'OESTE;SC;03/2006;1.600;0;0;369;10.325;12.294;0;0;0;0;0;0;0;6.817;19.111;0;693;19.804;0;3.956;23.760
COOPERATIVA DE ECONOMIA E CREDITO MUTUO DOS INTEGRANTES DA MAGISTRATURA E DO MINISTERIO PUBLICO NO ESTADO DO PARANA;4886317;b3S;;I;2;CURITIBA;PR;03/2006;3.295;0;0;0;18.626;21.922;0;0;0;0;0;0;0;19;21.941;0;773;22.714;0;1.037;23.751
COOPERATIVA DE CRÉDITO RURAL DE SÃO GONÇALO DO SAPUCAÍ - SICOOB CREDIVASS;1604998;b3S;;I;2;SAO GONCALO DO SAPUCAI;MG;03/2006;3.623;0;0;0;7.272;10.895;0;0;0;0;0;0;0;5.911;16.807;0;1.647;18.454;0;5.009;23.462
COOPERATIVA DE ECONOMIA E CRÉDITO MÚTUO DOS SERVIDORES DO MINISTÉRIO DA FAZENDA E DOS ÓRGÃOS DA ESTRUTURA DA PRESIDÊNCIA DA REPÚBLICA LTDA. - SICOOB CREDFAZ;952415;b3S;;I;2;BRASILIA;DF;03/2006;2;0;0;0;958;960;0;0;0;0;0;0;0;1.006;1.966;0;3.780;5.746;0;17.664;23.410
FINANSINOS S.A. CREDITO, FINANCIAMENTO E INVESTIMENTO;91669747;n1;;I;2;NOVO HAMBURGO;RS;03/2006;0;0;0;0;0;0;0;0;0;0;0;5.864;5.864;0;5.864;0;850;6.714;0;16.524;23.238
COOPERATIVA DE ECONOMIA E CREDITO MUTUO DOS MEDICOS E CATEGORIAS AFINS-UNICRED NITEROI LTDA;1090027;b3S;;I;2;NITEROI;RJ;03/2006;5.340;0;0;7.943;68;13.351;0;0;0;0;0;0;0;0;13.351;0;1.855;15.207;0;7.945;23.151
COOPERATIVA DE CRÉDITO RURAL DE CÂNDIDO MOTA;66788142;b3S;;I;2;CANDIDO MOTA;SP;03/2006;5.073;0;0;811;5.336;11.221;0;0;0;0;0;0;0;5.138;16.358;0;1.886;18.245;0;4.825;23.070
AGENCIA DE FOMENTO DO ESTADO DO RIO DE JANEIRO S.A.;5940203;n1;;I;1;RIO DE JANEIRO;RJ;03/2006;0;0;0;0;0;0;0;0;0;0;0;0;0;0;0;0;16.779;16.779;0;6.229;23.008
PRIME S/A CORRETORA DE CAMBIO E VALORES;36092302;n2;;I;2;RIO DE JANEIRO;RJ;03/2006;0;0;0;0;536;536;3.415;0;0;0;0;0;0;0;3.951;0;6.103;10.054;0;12.708;22.762
COOPERATIVA DE CRÉDITO DE LIVRE ADMISSÃO DE ASSOCIADOS DO ALTO XINGU - SICREDI ALTO XINGU;33021064;b3S;;I;2;CANARANA;MT;03/2006;4.752;0;0;8;6.343;11.103;0;0;0;0;0;0;0;242;11.345;0;3.255;14.600;0;8.010;22.609
COOPERATIVA DE CRÉDITO RURAL DOS PRODUTORES DA REGIÃO DE TRÊS PONTAS LTDA - SICOOB COPERSUL;18966739;b3S;;I;2;TRES PONTAS;MG;03/2006;3.681;0;0;0;6.452;10.133;0;0;0;0;0;0;0;5.135;15.268;0;2.629;17.897;0;4.676;22.573
COOPERATIVA DE CRÉDITO DE LIVRE ADMISSÃO DE ASSOCIADOS DE PANAMBI - SICREDI PANAMBI;91983155;b3S;;I;2;PANAMBI;RS;03/2006;1.601;0;0;1.159;5.478;8.239;0;0;0;0;0;0;0;192;8.430;0;8.052;16.483;0;5.942;22.425
COOPERATIVA DE CREDITO RURAL DO VALE DO IVAI;81706616;b3S;;I;2;JANDAIA DO SUL;PR;03/2006;2.948;0;0;368;8.779;12.095;0;0;0;0;0;0;0;176;12.270;0;3.590;15.860;0;6.559;22.419
FICSA S.A. DISTRIBUIDORA DE TITULOS E VALORES MOBILIARIOS;61757423;n2;;I;2;SAO PAULO;SP;03/2006;0;0;0;0;0;0;0;0;0;0;0;0;0;0;0;0;3.796;3.796;0;18.521;22.317
COOPERATIVA DE CRÉDITO RURAL EUNÁPOLIS LTDA. - CREDIEUNÁPOLIS;2417755;b3S;;I;2;EUNAPOLIS;BA;03/2006;6.728;0;0;635;10.447;17.811;0;0;0;0;0;0;0;0;17.811;0;538;18.349;0;3.937;22.286
COOPERATIVA DE ECONOMIA E CRÉDITO MÚTUO DOS  COMERCIANTES DE CONFECÇÕES DO CENTRO OESTE DE MINAS GERAIS LTDA - DIVICRED;1736516;b3S;;I;2;DIVINOPOLIS;MG;03/2006;2.863;0;0;1.855;8.696;13.413;0;0;0;0;0;0;0;0;13.413;0;998;14.411;0;7.864;22.275
COOPERATIVA DE CREDITO RURAL DE ALFREDO CHAVES - SICOOB ALFREDO CHAVES;32474884;b3S;;I;2;ALFREDO CHAVES;ES;03/2006;2.994;0;0;0;10.421;13.415;0;0;0;0;0;0;0;2.531;15.946;0;953;16.899;0;5.335;22.234
UNILETRA;50593;n1;;C;2;VITORIA;ES;03/2006;0;0;0;0;0;0;10.224;0;0;0;0;0;0;0;10.224;0;2.656;12.879;0;9.212;22.091
COOPERATIVA DE ECONOMIA E CRÉDITO MÚTUO SERV E MEMBROS JUSTIÇA TRABALHO E MINIST PÚBL TRABALHO NO TERRITÓRIO NACIONAL, PODER JUD FEDERAL E MPU PARÁ, SANTA CATARINA, TSE E STM NO DF -SICOOB CREDIJUSTRA;37079720;b3S;;I;2;BRASILIA;DF;03/2006;515;0;0;0;11.677;12.192;0;0;0;0;0;0;0;810;13.002;0;804;13.806;0;8.039;21.845
COOPERATIVA DE CRÉDITO RURAL DE JI-PARANÁ LTDA;2309070;b3S;;I;2;JI-PARANA;RO;03/2006;3.508;0;0;9.618;0;13.127;0;0;0;0;0;0;0;0;13.127;0;1.364;14.490;0;7.232;21.722
COOPERATIVA DE CREDITO MUTUO DOS MÉDICOS E DEMAIS PROFISSIONAIS DA AREA DE SAUDE DA REGIAO NOROESTE DO ESTADO DE SÃO PAULO;3065046;b3S;;I;2;SAO JOSE DO RIO PRETO;SP;03/2006;2.213;0;0;14.827;3;17.043;0;0;0;0;0;0;0;217;17.260;0;543;17.803;0;3.906;21.710
COOPERATIVA DE ECONOMIA E CRÉDITO MÚTUO DOS EMPREGADOS DO GRUPO PÃO DE AÇÚCAR;46277273;b3S;;I;2;SAO PAULO;SP;03/2006;0;0;0;0;0;0;0;0;0;0;0;0;0;0;0;0;1.865;1.865;0;19.836;21.702
TALARICO - CORRETORA DE CAMBIO E TITULOS MOBILIARIOS LTDA;61729133;n2;;I;2;SAO PAULO;SP;03/2006;0;0;0;0;124;124;0;0;0;0;0;0;0;0;124;0;2.429;2.553;0;19.091;21.645
COOPERATIVA DE ECONOMIA E CREDITO MUTUO DOS MEDICOS DAS MISSOES LTDA;95163002;b3S;;I;2;SANTO ANGELO;RS;03/2006;3.347;0;0;13.957;0;17.303;0;0;0;0;0;0;0;0;17.304;0;363;17.667;0;3.973;21.641
COOPERATIVA DE ECONOMIA E CRÉDITO MÚTUO DOS PROPRIETÁRIOS DA INDÚSTRIA DE ROCHAS ORNAMENTAIS, CAL E CALCÁRIOS DO ESTADO DO ESPIRITO SANTO - CREDIROCHAS;3358914;b3S;;I;2;CACHOEIRO DE ITAPEMIRIM;ES;03/2006;2.630;0;0;2;11.355;13.987;0;0;0;0;0;0;0;273;14.260;0;1.236;15.496;0;6.112;21.609
CREDUNI - COOPERATIVA DE ECONOMIA E CRÉDITO MÚTUO DOS SERVIDORES DAS INSTITUIÇÕES PÚBLICAS DE ENSINO SUPERIOR DO ESTADO DA PARAÍBA LTDA.;3428338;b3S;;I;2;CAMPINA GRANDE;PB;03/2006;0;0;0;344;2.126;2.471;0;0;0;0;0;0;0;3.757;6.228;0;934;7.161;0;14.356;21.517
COOPERATIVA DE ECONOMIA E CREDITO MUTUO DOS MEDICOS E DEMAIS PROFISSIONAIS DA SAUDE DE TOLEDO E REGIAO LTDA - UNICRED PIONEIRA DO PARANA;1286361;b3S;;I;2;TOLEDO;PR;03/2006;2.849;0;0;12.867;0;15.716;0;0;0;0;0;0;0;0;15.716;0;656;16.372;0;4.956;21.328
COOPERATIVA DE CRÉDITO DE SÃO ROQUE DE MINAS LTDA. - SICOOB SAROMCREDI;66402207;b3S;;I;2;SAO ROQUE DE MINAS;MG;03/2006;2.329;0;0;0;7.953;10.282;0;0;0;0;0;0;0;24;10.306;0;6.986;17.291;0;3.976;21.267
UNICRED RECIFE - COOPERATIVA DE ECONOMIA E CRÉDITO MÚTUO DOS MÉDICOS E PROFISSIONAIS DA ÁREA DE SAÚDE DE NÍVEL SUPERIOR DO GRANDE RECIFE LTDA.;70241658;b3S;;I;2;RECIFE;PE;03/2006;2.972;0;0;6.256;2.841;12.069;0;0;0;0;0;0;0;0;12.069;0;1.306;13.375;0;7.828;21.203
COOPERATIVA DE ECONOMIA E CRÉDITO MÚTUO DOS EMPREGADOS DA V&M DO BRASIL S.A. - COOMANN LTDA.;64293582;b3S;;I;2;BELO HORIZONTE;MG;03/2006;0;0;0;0;0;0;0;0;0;0;0;0;0;0;0;0;978;978;0;20.201;21.180
COOPERATIVA DE ECONOMIA E CRÉDITO MÚTUO DOS MAGISTRADOS DE SÃO PAULO - MAGISCRED;51489318;b3S;;I;2;SAO PAULO;SP;03/2006;183;0;0;9.087;1.723;10.993;0;0;0;0;0;0;0;0;10.993;0;383;11.375;0;9.762;21.138
COOPERATIVA DE ECONOMIA E CRÉDITO MÚTUO DOS SERVIDORES DO PODER LEGISLATIVO FEDERAL E DO DISTRITO FEDERAL - SICOOB LEGISLATIVO;3329154;b3S;;I;2;BRASILIA;DF;03/2006;574;0;0;5.820;11.915;18.309;0;0;0;0;0;0;0;107;18.416;0;480;18.896;0;2.167;21.063
COOPERATIVA DE CREDITO RURAL CAMPOS NOVOS;78862083;b3S;;I;2;CAMPOS NOVOS;SC;03/2006;1.960;0;0;40;8.474;10.473;0;0;0;0;0;0;0;6.232;16.705;0;646;17.351;0;3.635;20.986
COOPERATIVA DE CRÉDITO DOS MÉDICOS E DEMAIS PROFISSIONAIS DA SAÚDE DE ITAJUBÁ;1673891;b3S;;I;2;ITAJUBA;MG;03/2006;1.070;0;0;15.704;52;16.827;0;0;0;0;0;0;0;0;16.827;0;432;17.260;0;3.595;20.855
COOPERATIVA CENTRAL DE ECONOMIA E CRÉDITO MÚTUO DAS UNICREDS  DA AMAZÔNIA OCIDENTAL LTDA - UNICRED CENTRAL AMAZÔNIA OCIDENTAL;2470935;b3C;;I;2;MANAUS;AM;03/2006;1;0;0;0;0;1;0;0;0;0;0;0;0;0;1;0;20.031;20.033;0;755;20.788
COOPERATIVA DE CREDITO RURAL VALE DO RIO DO PEIXE SICOOB/SC JOACABA;78865995;b3S;;I;2;JOACABA;SC;03/2006;1.884;0;0;0;10.853;12.737;0;0;0;0;0;0;0;3.824;16.560;0;420;16.981;0;3.783;20.764
COOPERATIVA DE CREDITO RURAL VALE DO CHAPECOZINHO - SICOOB/SC - VALCREDI;2090126;b3S;;I;2;PASSOS MAIA;SC;03/2006;974;0;0;1.195;10.611;12.780;0;0;0;0;0;0;0;3.827;16.607;0;496;17.102;0;3.577;20.679
COOPERATIVA DE CRÉDITO RURAL DE PATOS DE MINAS LTDA - CREDIPATOS;25387671;b3S;;I;2;PATOS DE MINAS;MG;03/2006;4.286;0;0;0;7.146;11.432;0;0;0;0;0;0;0;409;11.841;0;3.638;15.479;0;5.181;20.660
LARCKY SOCIEDADE DE CREDITO IMOBILIARIO S.A.;35945542;n1;;I;2;RIO DE JANEIRO;RJ;03/2006;0;0;0;0;0;0;0;0;0;0;0;0;0;0;0;0;4.252;4.252;0;16.282;20.533
COOPERATIVA DE CRÉDITO RURAL DE BRASÍLIA LTDA. - SICOOB CREDIBRASÍLIA;1187961;b3S;;I;2;BRASILIA;DF;03/2006;3.120;0;0;2.086;1;5.208;0;0;0;0;0;0;0;667;5.875;0;10.596;16.471;0;3.939;20.411
COOPERATIVA DE CRÉDITO RURAL DE BOA ESPERANÇA LTDA. - SICOOB BELCREDI;869687;b3S;;I;2;BOA ESPERANCA;MG;03/2006;1.857;0;0;0;3.666;5.523;0;0;0;0;0;0;0;27;5.550;0;11.228;16.778;0;3.548;20.326
RENASCENCA DISTRIBUIDORA DE TÍTULOS E VALORES MOBILIÁRIOS LTDA;62287735;n2;;I;2;SAO PAULO;SP;03/2006;0;0;0;0;0;0;0;0;0;0;0;0;0;0;0;0;3.037;3.037;0;17.288;20.325
COOPERATIVA DE CRÉDITO MÚTUO DOS PROFISSIONAIS DA ÁREA DA SAÚDE DA REGIÃO CENTRAL DO ESTADO DE SÃO PAULO SICREDI SAÚDE CENTRO PAULISTA SP;3974280;b3S;;I;2;BAURU;SP;03/2006;2.395;0;0;6.688;8.041;17.124;0;0;0;0;0;0;0;97;17.221;0;443;17.665;0;2.628;20.293
COOPERATIVA DE CRÉDITO RURAL DE ALPINOPOLIS LTDA - SICOOB COORALCREDI;25353939;b3S;;I;2;ALPINOPOLIS;MG;03/2006;1.391;0;0;0;4.714;6.105;0;0;0;0;0;0;0;7.256;13.361;0;2.692;16.054;0;4.238;20.292
COOPERATIVA DE ECONOMIA E CREDITO MUTUO DOS MAGISTRADOS, MEMBROS DO MINISTÉRIO PÚBLICO E PROFISSIONAIS DO DIREITO CATARINENSES - COOMARCA;4355489;b3S;;I;2;FLORIANOPOLIS;SC;03/2006;1.688;0;0;15.813;0;17.501;0;0;0;0;0;0;0;0;17.501;0;196;17.696;0;2.563;20.259
SICOOB NOSSACOOP-COOP.DE ECON. E CRÉD. DOS EMPREGADOS DAS INSTITUIÇÕES DE ENSINO SUPERIOR E PESQUISAS CIENTÍFICA E TECNOLÓGICA E DOS SERVIDORES DO MINISTÉRIO DO TRABALHO E EMPREGO DE MINAS GERAIS LTDA;1760242;b3S;;I;2;BELO HORIZONTE;MG;03/2006;448;0;0;0;11.470;11.919;0;0;0;0;0;0;0;0;11.919;0;886;12.805;0;7.298;20.103
COOPERATIVA DE CRÉDITO DE SANTO ANTONIO DO MONTE LTDA - SICOOB CREDIMONTE;41707258;b3S;;I;2;SANTO ANTONIO DO MONTE;MG;03/2006;3.246;0;0;0;8.306;11.553;0;0;0;0;0;0;0;28;11.581;0;3.569;15.150;0;4.916;20.065
COOPERATIVA DE ECONOMIA E CRÉDITO MÚTUO DOS  COMERCIANTES DE CONFECÇÕES DE ITAUNA LTDA.;1675116;b3S;;I;2;ITAUNA;MG;03/2006;1.890;0;0;0;12.123;14.013;0;0;0;0;0;0;0;0;14.013;0;610;14.623;3;5.394;20.019
COOPERATIVA DE ECONOMIA E CRÉDITO MÚTUO DOS MÉDICOS E DEMAIS PROFISSIONAIS DA SAÚDE DE NÍVEL SUPERIOR DA REGIÃO AGRESTE E SERTÃO CENTRAL DO ESTADO DE PERNAMBUCO - UNICRED CENTRO PERNAMBUCANA;41255225;b3S;;I;2;CARUARU;PE;03/2006;2.740;0;0;6.650;3.646;13.036;0;0;0;0;0;0;0;0;13.036;0;940;13.976;0;6.009;19.986
COOPERATIVA DE ECONOMIA E CRÉDITO MÚTUO DOS FUNCIONÁRIOS DA CEPLAC LTDA;32615247;b3S;;I;2;ILHEUS;BA;03/2006;223;0;0;4.388;0;4.611;0;0;0;0;0;0;0;0;4.611;0;3.080;7.692;0;12.044;19.736
COOPERATIVA DE CRÉDITO RURAL DO VALE DO PARANAPANEMA;1637949;b3S;;I;2;PRESIDENTE PRUDENTE;SP;03/2006;1.212;0;0;330;12.548;14.090;0;0;0;0;0;0;0;1.462;15.552;0;658;16.210;0;3.509;19.718
COOPERATIVA DE ECONOMIA E CREDITO MUTUO DOS SERVIDORES PUBLICOS FEDERAIS EM MATO GROSSO DO SUL;24654881;b3S;;I;2;CAMPO GRANDE;MS;03/2006;1.569;0;0;3.386;4.755;9.710;0;0;0;0;0;0;0;631;10.341;0;879;11.220;0;8.405;19.625
COOPERATIVA DE ECONOMIA E CRÉDITO MÚTUO DOS PROFISSIONAIS DA SAÚDE CENTRO MINEIRA LTDA.;71411854;b3S;;I;2;BETIM;MG;03/2006;2.336;0;0;14.226;19;16.581;0;0;0;0;0;0;0;0;16.581;0;639;17.220;0;2.250;19.470
COOPERATIVA DE ECONOMIA E CRÉDITO MÚTUO DOS SERVIDORES MUNICIPAIS DE SÃO PAULO - SICOOB COOPERCREDI-SP;915950;b3S;;I;2;SAO PAULO;SP;03/2006;76;0;0;62;0;138;0;0;0;0;0;0;0;451;588;0;771;1.359;0;18.102;19.461
CENTRAL DAS COOPERATIVAS DE CRÉDITO DOS ESTADOS DE MATO GROSSO E MATO GROSSO DO SUL;106180;b3C;;I;2;CUIABA;MT;03/2006;0;0;0;0;0;0;0;0;0;0;0;0;0;0;0;0;16.655;16.655;0;2.796;19.451
COOPERATIVA DE CRÉDITO RURAL DOS FORNECEDORES DE CANA DA REGIÃO DE CATANDUVA-COFOCRED;49654502;b3S;;I;2;CATANDUVA;SP;03/2006;0;0;0;0;0;0;0;0;0;0;0;0;0;0;0;0;2.081;2.081;0;17.263;19.344
COOPERATIVA DE ECONOMIA E CRÉDITO MÚTUO DOS MÉDICOS E DEMAIS PROFISSIONAIS DE NÍVEL SUPERIOR DA SAÚDE DE SANTA BÁRBARA D'OESTE, AMERICANA E NOVA ODESSA;3055269;b3S;;I;2;AMERICANA;SP;03/2006;3.538;0;0;10.580;0;14.118;0;0;0;0;0;0;0;0;14.118;0;541;14.660;0;4.654;19.314
COOPERATIVA DE ECONOMIA E CRÉDITO MÚTUO DOS MÉDICOS E DEMAIS  PROFISSIONAIS DE NÍVEL SUPERIOR DA SAÚDE DE CAMPINA GRANDE LTDA;1151186;b3S;;I;2;CAMPINA GRANDE;PB;03/2006;1.553;0;0;10.761;1.002;13.315;0;0;0;0;0;0;0;0;13.315;0;730;14.045;0;5.094;19.139
COOPERATIVA DE CRÉDITO DA REGIÃO DE CARMO DO PARANAÍBA LTDA - SICOOB CREDICARPA;23949522;b3S;;I;2;CARMO DO PARANAIBA;MG;03/2006;2.484;0;0;0;6.897;9.380;0;0;0;0;0;0;0;27;9.407;0;5.513;14.920;0;4.207;19.126
ALPES CORRETORA DE CÂMBIO, TÍTULOS E VALORES MOBILIÁRIOS LTDA.;3882245;n2;;I;2;SAO PAULO;SP;03/2006;0;0;0;0;9;9;0;0;0;0;0;0;0;0;9;0;3.544;3.553;0;15.526;19.079
UNICRED DE NOVA FRIBURGO - COOPERATIVA DE ECONOMIA E CREDITO MUTUO DOS MEDICOS E DEMAIS PROFISSIONAIS DE SAUDE DE NOVA FRIBURGO LTDA;918800;b3S;;I;2;NOVA FRIBURGO;RJ;03/2006;4.652;0;0;9.917;49;14.617;0;0;0;0;0;0;0;0;14.617;0;838;15.455;0;3.506;18.961
COOPERATIVA DE CRÉDITO RURAL DE TEIXEIRA DE FREITAS LTDA.;2447120;b3S;;I;2;TEIXEIRA DE FREITAS;BA;03/2006;3.540;0;0;4;4.012;7.556;0;0;0;0;0;0;0;1.189;8.745;0;1.027;9.771;0;9.131;18.903
COOPERATIVA DE ECONOMIA E CRÉDITO MÚTUO DOS INTEGRANTES DO  MINISTÉRIO PÚBLICO E DO PODER JUDICIÁRIO DO ESTADO DO PARÁ LTDA - COIMPPA;84156470;b3S;;I;2;BELEM;PA;03/2006;609;0;0;4.731;62;5.402;0;0;0;0;0;0;0;69;5.471;0;893;6.363;0;12.483;18.847
COOPERATIVA DE ECONOMIA E CREDITO MUTUO DOS SERVIDORES DO PODER JUDICIARIO DO ESTADO DO RIO DE JANEIRO LTDA.;2000895;b3S;;I;2;RIO DE JANEIRO;RJ;03/2006;382;0;0;3.774;1.374;5.529;0;0;0;0;0;0;0;106;5.635;0;3.358;8.994;0;9.779;18.773
COOPERATIVA DE ECONOMIA E CREDITO MUTUO DOS MEDICOS E DEMAIS PROFISSIONAIS DA SAUDE DO VALE DO SINOS LTDA;1796302;b3S;;I;2;NOVO HAMBURGO;RS;03/2006;6.927;0;0;0;8.633;15.560;0;0;0;0;0;0;0;0;15.560;0;324;15.884;0;2.878;18.762
COOPERATIVA DE CRÉDITO DE PEQUENOS EMPRESÁRIOS, MICROEMPRESÁRIOS E MICROEMPREENDEDORES DO ALTO SÃO FRANCISCO LTDA. - SICOOB CREDIPRATA;26178111;b3S;;I;2;LAGOA DA PRATA;MG;03/2006;2.572;0;0;0;7.118;9.690;0;0;0;0;0;0;0;103;9.794;0;4.398;14.192;0;4.539;18.731
COOPERATIVA DE CRÉDITO RURAL VALE DO MUCURI LTDA. - SICOOB CREDIVALE;25387655;b3S;;I;2;TEOFILO OTONI;MG;03/2006;4.117;0;0;0;8.976;13.093;0;0;0;0;0;0;0;12;13.105;0;1.583;14.688;0;4.030;18.718
COOPERATIVA DE ECONOMIA E CRÉDITO MÚTUO DOS FUNCIONÁRIOS DA ABRIL;43438662;b3S;;I;2;SAO PAULO;SP;03/2006;0;0;0;0;0;0;0;0;0;0;0;0;0;0;0;0;700;700;0;17.867;18.567
AGENCIA DE FOMENTO DO RIO GRANDE DO NORTE S.A.;3848103;n1;;I;1;NATAL;RN;03/2006;0;0;0;0;0;0;0;0;0;0;0;0;0;3.852;3.852;0;5.432;9.284;0;9.157;18.441
MUNDINVEST S.A.-CORRETORA DE CAMBIO E VALORES MOBILIARIOS;25674235;n2;;I;2;BELO HORIZONTE;MG;03/2006;0;0;0;0;0;0;0;0;0;0;0;0;0;0;0;0;6.911;6.911;0;11.343;18.253
COOPERATIVA DE CREDITO RURAL JUSCIMEIRA;32983165;b3S;;I;2;JUSCIMEIRA;MT;03/2006;2.978;0;0;1;7.141;10.120;0;0;0;0;0;0;0;239;10.359;0;1.067;11.425;0;6.819;18.245
COOPERATIVA DE CRÉDITO RURAL DO SUL DE RONDÔNIA LTDA.;3632872;b3S;;I;2;VILHENA;RO;03/2006;4.409;0;0;0;5.850;10.258;0;0;0;0;0;0;0;1.799;12.058;0;523;12.580;0;5.630;18.211
COOPERATIVA DE CRÉDITO DOS PRODUTORES RURAIS DA REGIÃO DE CARATINGA LTDA;19449602;b3S;;I;2;CARATINGA;MG;03/2006;2.746;0;0;0;4.892;7.638;0;0;0;0;0;0;0;3.350;10.988;0;1.523;12.511;0;5.389;17.900
COOPERATIVA DE ECONOMIA E CRÉDITO MÚTUO DOS PROFISSIONAIS DA ÁREA DA SAÚDE DO CENTRO NORTE GOIANO;2282709;b3S;;I;2;ANAPOLIS;GO;03/2006;2.560;0;0;11.182;0;13.741;0;0;0;0;0;0;0;0;13.741;0;603;14.344;0;3.473;17.817
COOPERATIVA DE ECONOMIA E CRÉDITO MÚTUO DOS EMPREGADOS DA USIMINAS E EMPRESAS COLIGADAS LTDA - COOPECO;19869338;b3S;;I;2;IPATINGA;MG;03/2006;677;0;0;0;5.467;6.143;0;0;0;0;0;0;0;0;6.143;0;714;6.857;0;10.953;17.810
COOPERATIVA DE ECONOMIA E CRÉDITO MÚTUO MÉDICOS E DEMAIS PROFISSIONAIS NÍVEL SUPERIOR DA SAÚDE DE GOVERNADOR VALADARES;1110032;b3S;;I;2;GOVERNADOR VALADARES;MG;03/2006;2.323;0;0;10.566;0;12.889;0;0;0;0;0;0;0;0;12.889;0;811;13.701;0;4.066;17.767
ESCRITORIO LEROSA S/A CORRETORES DE VALORES;61973863;n2;;I;2;SAO PAULO;SP;03/2006;0;0;0;0;0;0;0;0;0;0;0;0;0;0;0;0;2.253;2.253;0;15.469;17.722
COOPERATIVA DE ECONOMIA E CRÉDITO MÚTUO DOS MÉDICOS E DEMAIS PROFISSIONAIS DA SAÚDE DO VALE DO PARAÍBA - UNICRED VALE DO PARAÍBA;2197569;b3S;;I;2;LORENA;SP;03/2006;1.571;0;0;11.215;12;12.799;0;0;0;0;0;0;0;0;12.799;0;595;13.394;0;4.232;17.626
COOPERATIVA DE ECONOMIA E CREDITO MUTUO DOS MEDICOS E DEMAIS PROFISSIONAIS DA SAUDE DE IJUI LTDA;1526924;b3S;;I;2;IJUI;RS;03/2006;3.638;0;0;9.911;0;13.549;0;0;0;0;0;0;0;0;13.549;0;417;13.966;0;3.618;17.584
COOPERATIVA DE CREDITO DO OESTE DE MINAS GERAIS LTDA - SICOOB CREDIOESTE;25420696;b3S;;I;2;ABAETE;MG;03/2006;2.948;0;0;0;4.650;7.598;0;0;0;0;0;0;0;7;7.605;0;4.823;12.428;0;5.100;17.528
COOPERATIVA DE ECONOMIA E CRÉDITO MÚTUO DOS ADVOGADOS DE GOIÂNIA;2480577;b3S;;I;2;GOIANIA;GO;03/2006;3.273;0;0;102;8.298;11.673;0;0;0;0;0;0;0;22;11.695;0;625;12.319;0;4.855;17.174
COOPERATIVA DE CRÉDITO RURAL DE JAÚ E REGIÃO;52198074;b3S;;I;2;JAU;SP;03/2006;3.535;0;0;327;348;4.210;0;0;0;0;0;0;0;1.298;5.508;0;986;6.494;0;10.677;17.170
COOPERATIVA DE ECONOMIA E CRÉDITO MÚTUO DOS SERVIDORES DO PODER JUDICIÁRIO, MINISTÉRIO PÚBLICO E ENSINO SUPERIOR - SICOOB JUDICIÁRIO;37076205;b3S;;I;2;BRASILIA;DF;03/2006;624;0;0;2.372;3.227;6.223;0;0;0;0;0;0;0;3.423;9.646;0;402;10.048;0;7.095;17.143
COOPERATIVA DE ECONOMIA E CREDITO MUTUO DOS JUIZES DO RIO GRANDE DO SUL;3750034;b3S;;I;2;PORTO ALEGRE;RS;03/2006;987;0;0;2.244;9.769;13.000;0;0;0;0;0;0;0;113;13.113;0;275;13.388;0;3.710;17.098
COOPERATIVA DE CRÉDITO DE LIVRE ADMISSÃO DE ASSOCIADOS SANTOAUGUSTENSE - SICREDI SANTO AUGUSTO RS;92564145;b3S;;I;2;SANTO AUGUSTO;RS;03/2006;1.431;0;0;248;6.786;8.465;0;0;0;0;0;0;0;109;8.574;0;4.682;13.256;0;3.795;17.051
SENSO CORRETORA DE CAMBIO E VALORES MOBILIARIOS S.A;17352220;n2;;I;2;RIO DE JANEIRO;RJ;03/2006;0;0;0;0;1;1;0;0;0;0;0;0;0;0;1;67;10.339;10.406;0;6.637;17.043
COOPERATIVA DE CRÉDITO DOS EMPREGADOS EM EMPRESAS TÊXTEIS   CREDITÊXTIL;3461243;b3S;;I;2;BLUMENAU;SC;03/2006;1.191;0;0;0;12.023;13.214;0;0;0;0;0;0;0;0;13.214;0;716;13.930;0;3.073;17.003
UNICRED DOURADOS - COOPERATIVA DE ECONOMIA E CRÉDITO MÚTUO DOS MÉDICOS E DEMAIS PROFISSIONAIS DA SAÚDE DE DOURADOS;37554441;b3S;;I;2;DOURADOS;MS;03/2006;1.677;0;0;0;8.237;9.915;0;0;0;0;0;0;0;60;9.975;0;933;10.908;0;6.055;16.964
COOPERATIVA DE CRÉDITO DOS MÉDICOS E DEMAIS PROFISSIONAIS DA SAÚDE DA REGIÃO DA AMUREL;1052693;b3S;;I;2;TUBARAO;SC;03/2006;1.623;0;0;12.931;0;14.554;0;0;0;0;0;0;0;0;14.554;0;461;15.015;0;1.847;16.862
COOPERATIVA DE CRÉDITO DA MICRORREGIÃO DO ALTO PARANAÍBA LTDA - SICOOB CREDISG;3645752;b3S;;I;2;SAO GOTARDO;MG;03/2006;2.366;0;0;0;4.228;6.594;0;0;0;0;0;0;0;2.117;8.711;0;4.566;13.276;0;3.578;16.855
PAO DE ACUCAR S.A. DISTRIBUIDORA DE TÍTULOS E VALORES MOBILIÁRIOS;62201553;n2;;I;3;SAO PAULO;SP;03/2006;0;0;0;0;0;0;0;0;0;0;0;0;0;0;0;0;3.332;3.332;0;13.512;16.843
COOPERATIVA DE CRÉDITO RURAL DE CONSELHEIRO PENA LTDA - CREDICOPE;38588174;b3S;;I;2;CONSELHEIRO PENA;MG;03/2006;2.474;0;0;0;5.964;8.438;0;0;0;0;0;0;0;26;8.464;0;1.515;9.979;0;6.675;16.654
COOPERATIVA DE ECONOMIA E CREDITO MUTUO DOS SERVIDORES PUBLICOS MUNICIPAIS DE JOINVILLE-COOPERCRED DE JOINVILLE;2780020;b3S;;I;2;JOINVILLE;SC;03/2006;7.623;0;0;1.674;4.016;13.313;0;0;0;0;0;0;0;132;13.445;0;549;13.994;0;2.659;16.652
COOPERATIVA DE ECONOMIA E CRÉDITO MÚTUO DOS MÉDICOS E DEMAIS PROFISSIONAIS DA SAÚDE DO OESTE CATARINENSE;1039011;b3S;;I;2;CHAPECO;SC;03/2006;1.374;0;0;11.489;4;12.868;0;0;0;0;0;0;0;0;12.868;0;728;13.596;0;2.982;16.578
COOPERATIVA DE ECONOMIA E CRÉDITO MÚTUO DO GRUPO BASF;74244344;b3S;;I;2;SAO BERNARDO DO CAMPO;SP;03/2006;0;0;0;0;0;0;0;0;0;0;0;0;0;0;0;0;3.037;3.037;0;13.534;16.570
COOPERATIVA DE ECONOMIA E CRÉDITO MÚTUO DOS PROFISSIONAIS DA SAÚDE DAS REGIÕES SERRANAS E DO MÉDIO VALE DO PARAÍBA;71698674;b3S;;I;2;TAUBATE;SP;03/2006;1.567;0;0;9.424;0;10.991;0;0;0;0;0;0;0;0;10.991;0;1.370;12.361;0;4.199;16.560
COOPERATIVA DE CRÉDITO DOS MÉDICOS E DEMAIS PROFISSIONAIS DA SAÚDE DE POÇOS DE CALDAS LTDA.;2326434;b3S;;I;2;POCOS DE CALDAS;MG;03/2006;3.593;0;0;9.681;0;13.275;0;0;0;0;0;0;0;0;13.275;0;875;14.150;0;2.410;16.560
COOPERATIVA DE ECONOMIA E CRÉDITO MÚTUO DOS EMPREGADOS DAS EMPRESAS E PRESTADORES DE SERVIÇO DO GRUPO ARCELORMITTAL - SICOOB COPESITA;19875244;b3S;;I;2;TIMOTEO;MG;03/2006;475;0;0;7.458;0;7.933;0;0;0;0;0;0;0;0;7.933;0;1.186;9.119;0;7.178;16.297
COOPERATIVA DE CRÉDITO RURAL DE DIVINÓPOLIS LTDA - SICOOB CREDIVERDE;25528753;b3S;;I;2;DIVINOPOLIS;MG;03/2006;2.930;0;0;0;7.407;10.336;0;0;0;0;0;0;0;9;10.345;0;3.268;13.613;0;2.639;16.251
COOPERATIVA DE CRÉDITO RURAL DOS CAFEICULTORES DA REGIÃO DE LAJINHA LTDA;25395435;b3S;;I;2;LAJINHA;MG;03/2006;2.850;0;0;16;7.108;9.973;0;0;0;0;0;0;0;19;9.993;0;3.378;13.371;0;2.867;16.238
BONCRED LEASING S/A - ARRENDAMENTO MERCANTIL;1488392;n1;;I;2;NOVO HAMBURGO;RS;03/2006;0;0;0;0;0;0;0;0;0;0;0;0;0;748;748;0;6.895;7.643;0;8.589;16.233
COOPERATIVA DE CRÉDITO MÚTUO DOS PROFISSIONAIS DA ÁREA DA SAÚDE DE ARARAQUARA E REGIÃO - SICREDI ARARAQUARA SP;73113243;b3S;;I;2;ARARAQUARA;SP;03/2006;2.319;0;0;10.521;195;13.034;0;0;0;0;0;0;0;0;13.034;0;461;13.495;0;2.723;16.219
COOPERATIVA DE ECONOMIA E CREDITO MUTUO DOS MEDICOS E DEMAIS PROFISSIONAIS DE NIVEL SUPERIOR DA SAUDE DE VITORIA LTDA;39808449;b3S;;I;2;VITORIA;ES;03/2006;2.060;0;0;8.148;0;10.208;0;0;0;0;0;0;0;0;10.208;0;1.783;11.991;0;4.138;16.129
GREENCRED COOPERATIVA DE ECONOMIA E CRÉDITO MÚTUO DOS MÉDICOS E DEMAIS CATEGORIAS AFINS DE CURITIBA, REGIÃO METROPOLITANA E LITORAL.;2347114;b3S;;I;2;CURITIBA;PR;03/2006;939;0;0;0;8.678;9.616;0;0;0;0;0;0;0;0;9.616;0;584;10.201;0;5.877;16.078
COOPERATIVA DE CRÉDITO RURAL CAMPOS DA MANTIQUEIRA LTDA;21661202;b3S;;I;2;ENTRE RIOS DE MINAS;MG;03/2006;2.978;0;0;30;8.987;11.996;0;0;0;0;0;0;0;0;11.996;0;2.114;14.110;0;1.836;15.946
COOPERATIVA DE CRÉDITO RURAL DA REGIÃO DE ITURAMA LTDA. - SICOOB CREDIRAMA;3412878;b3S;;I;2;ITURAMA;MG;03/2006;2.154;0;0;0;2.414;4.568;0;0;0;0;0;0;0;0;4.568;0;4.702;9.270;0;6.620;15.889
COOPERATIVA DE ECONOMIA E CRÉDITO MÚTUO DOS MÉDICOS E DEMAIS PROFISSIONAIS DE NÍVEL SUPERIOR DA SAÚDE DE RIO CLARO - UNICRED DE RIO CLARO;1259518;b3S;;I;2;RIO CLARO;SP;03/2006;1.491;0;0;10.711;0;12.202;0;0;0;0;0;0;0;0;12.202;0;505;12.707;0;3.098;15.805
COOPERATIVA DE ECONOMIA E CREDITO MUTUO DOS MEDICOS E DEMAIS PROFISSIONAIS DA AREA DE SAUDE DE SAO LOURENCO E REGIAO LTDA - UNICRED CIRCUITO DAS AGUAS;1605007;b3S;;I;2;SAO LOURENCO;MG;03/2006;1.568;0;0;11.453;0;13.021;0;0;0;0;0;0;0;0;13.021;0;921;13.942;0;1.851;15.793
COOPERATIVA DE CRÉDITO RURAL DE IRAÍ DE MINAS LTDA -SICOOB CREDIMIL;71207740;b3S;;I;2;IRAI DE MINAS;MG;03/2006;3.292;0;0;256;5.674;9.222;0;0;0;0;0;0;0;1.425;10.647;0;914;11.561;0;4.211;15.772
RMC S/A-SOCIEDADE CORRETORA;61384004;n2;;I;2;SAO PAULO;SP;03/2006;0;0;0;0;0;0;0;0;0;0;0;0;0;0;0;0;2.048;2.048;0;13.618;15.666
COOPERATIVA DE CREDITO DO NORDESTE DE MINAS GERAIS LTDA. - SICOOB CARLOS CHAGAS;41753500;b3S;;I;2;CARLOS CHAGAS;MG;03/2006;2.720;0;0;0;5.327;8.047;0;0;0;0;0;0;0;26;8.072;0;1.385;9.457;0;6.196;15.653
COOPERATIVA DE CRÉDITO RURAL DE MONTE CARMELO LTDA -SICOOB MONTECREDI;71392047;b3S;;I;2;MONTE CARMELO;MG;03/2006;1.498;0;0;0;7.586;9.084;0;0;0;0;0;0;0;2.986;12.070;0;396;12.466;0;3.180;15.645
COOPERATIVA DE CRÉDITO RURAL NOROESTE DO PARANÁ - SICOOB CREDI NOROESTE;5556424;b3S;;I;2;CAMPO MOURAO;PR;03/2006;1.178;0;0;131;6.855;8.164;0;0;0;0;0;0;0;2.532;10.696;0;1.138;11.834;0;3.770;15.604
COOPERATIVA DE CRÉDITO RURAL DO VALE DO ARAGUAIA LTDA;24830879;b3S;;I;2;MINEIROS;GO;03/2006;3.239;0;0;0;1.258;4.498;0;0;0;0;0;0;0;272;4.769;0;1.627;6.396;0;9.182;15.578
COOPERATIVA DE CRÉDITO RURAL PANTANAL DO MATO GROSSO DO SUL - SICREDI PANTANAL MS;26408187;b3S;;I;2;MARACAJU;MS;03/2006;3.639;0;0;1.080;6.053;10.772;0;0;0;0;0;0;0;307;11.079;0;1.976;13.055;0;2.471;15.526
COOPERATIVA DE CRÉDITO MÚTUO DOS EMPREGADOS DA MAXION - CREDMAXION;58290800;b3S;;I;2;CRUZEIRO;SP;03/2006;0;0;0;0;0;0;0;0;0;0;0;0;0;0;0;0;429;429;0;15.039;15.468
COOPERATIVA DE CRÉDITO RURAL CAMPOS DAS VERTENTES LTDA - SICOOB CREDIVERTENTES;22724710;b3S;;I;2;SAO TIAGO;MG;03/2006;3.650;0;0;0;8.570;12.220;0;0;0;0;0;0;0;0;12.220;0;1.277;13.497;0;1.842;15.340
DIFERENCIAL CORRETORA DE TITULOS E VALORES MOBILIARIOS S.A;92885631;n2;;I;2;PORTO ALEGRE;RS;03/2006;0;0;0;0;0;0;10.609;0;0;0;0;0;0;0;10.609;0;2.157;12.766;0;2.545;15.311
H H PICCHIONI S/A CORRETORA DE CAMBIO E VALORES MOBILIARIOS;17312083;n2;;I;2;BELO HORIZONTE;MG;03/2006;0;0;0;0;0;0;0;0;0;0;0;0;0;0;0;0;6.030;6.030;0;9.267;15.297
COOPERATIVA DE CRÉDITO RURAL DE RESPLENDOR LTDA;38485983;b3S;;I;2;RESPLENDOR;MG;03/2006;1.471;0;0;0;5.163;6.634;0;0;0;0;0;0;0;10;6.644;0;3.591;10.235;0;5.008;15.243
COOPERATIVA VALENTENSE DE CRÉDITO RURAL LTDA - SICOOB COOPERE;73398646;b3S;;I;2;VALENTE;BA;03/2006;2.350;0;0;0;7.082;9.432;0;0;0;0;0;0;0;2.357;11.789;0;777;12.565;0;2.631;15.196
COOPERATIVA DE ECONOMIA E CREDITO MUTUO DOS MEDICOS E DEMAIS PROFISSIONAIS DA SAUDE REGIAO DO IGUAÇU - UNICRED DO IGUAÇU;1848322;b3S;;I;2;PATO BRANCO;PR;03/2006;1.133;0;0;0;11.383;12.516;0;0;0;0;0;0;0;24;12.540;0;304;12.845;0;2.240;15.085
COOPERATIVA DE ECONOMIA E CRÉDITO MÚTUO DOS MÉDICOS E DEMAIS PROFISSIONAIS DE NÍVEL SUPERIOR DA ÁREA DE SAÚDE  DE GUARULHOS - UNICRED DE GUARULHOS;2250794;b3S;;I;2;GUARULHOS;SP;03/2006;1.236;0;0;11.279;0;12.515;0;0;0;0;0;0;0;0;12.515;0;381;12.896;0;2.042;14.938
COOPERATIVA DE CRÉDITO DE CAMPOS ALTOS LTDA - SICOOB CREDIAGRO;429890;b3S;;I;2;CAMPOS ALTOS;MG;03/2006;1.612;0;0;0;4.713;6.326;0;0;0;0;0;0;0;4.118;10.443;0;1.104;11.547;0;3.214;14.761
PBM - PICCHIONI - BELGO - MINEIRA DISTRIBUIDORA DE TÍTULOS E VALORES MOBILIÁRIOS S/A;17401944;n2;;I;2;BELO HORIZONTE;MG;03/2006;0;0;0;0;0;0;0;0;0;0;0;0;0;0;0;0;11.432;11.432;0;3.238;14.671
ORLA DISTRIBUIDORA DE TITULOS E VALORES MOBILIARIOS LTDA;92904564;n2;;I;2;RIO DE JANEIRO;RJ;03/2006;0;0;0;0;0;0;0;0;0;0;0;0;0;0;0;0;11.446;11.446;0;3.207;14.653
COOPERATIVA DE CRÉDITO DOS MÉDICOS E DEMAIS PROFISSIONAIS DA SAÚDE DO SUL DE MINAS LTDA. - UNICRED SUL DE MINAS;71418784;b3S;;I;2;VARGINHA;MG;03/2006;1.972;0;0;9.952;0;11.925;0;0;0;0;0;0;0;0;11.925;0;521;12.446;0;2.112;14.557
COOPERATIVA DE ECONOMIA E CRÉDITO MÚTUO DOS SERVIDORES DA FUNDAÇÃO HOSPITALAR E EMPREGADOS DOS ESTABELECIMENTOS HOSPITALARES DE BELO HORIZONTE, REGIÃO METROPOLITANA E ZONA DA MATA LTDA. - CECREF;19402130;b3S;;I;2;BELO HORIZONTE;MG;03/2006;331;0;0;0;1.385;1.716;0;0;0;0;0;0;0;0;1.716;0;2.549;4.265;0;10.227;14.492
COOPERATIVA DE CREDITO RURAL DE ARAGUARI LTDA. - SICOOB ARACREDI;68987;b3S;;I;2;ARAGUARI;MG;03/2006;1.572;0;0;0;6.381;7.953;0;0;0;0;0;0;0;60;8.013;0;3.240;11.253;0;3.222;14.476
COOPERATIVA DE CRÉDITO RURAL CERRADO;74040056;b3S;;I;2;CAMPO VERDE;MT;03/2006;4.866;0;0;1;3.637;8.504;0;0;0;0;0;0;0;125;8.629;0;1.098;9.727;0;4.529;14.256
COOPERATIVA DE ECONOMIA E CRÉDITO MÚTUO DOS FUNCIONÁRIOS DA CARGILL;68228006;b3S;;I;2;SAO PAULO;SP;03/2006;0;0;0;0;0;0;0;0;0;0;0;0;0;0;0;0;1.088;1.088;0;13.151;14.238
COOPERATIVA DE ECONOMIA E CRÉDITO MÚTUO DOS MÉDICOS E DEMAIS PROFISSIONAIS DA ÁREA DE SAÚDE DA REGIÃO DE RIBEIRÃO PRETO - MEDCRED DE RIBEIRÃO PRETO;3575699;b3S;;I;2;RIBEIRAO PRETO;SP;03/2006;2.057;0;0;0;10.344;12.400;0;0;0;0;0;0;0;0;12.400;0;99;12.499;0;1.663;14.162
COOPERATIVA DE ECONOMIA E CRÉDITO MÚTUO DOS PROFISSIONAIS DA ÁREA DE SAÚDE DE JUNDIAÍ E REGIÃO - SICREDI JUNDIAÍ SUDESTE;4167614;b3S;;I;2;JUNDIAI;SP;03/2006;1.618;0;0;9.335;145;11.098;0;0;0;0;0;0;0;442;11.540;0;680;12.220;0;1.860;14.080
COOPERATIVA DE ECONOMIA E CRÉDITO MÚTUO DOS PROFISSIONAIS DA SAÚDE DE NÍVEL SUPERIOR DOS CAMPOS DAS VERTENTES LTDA. - UNICRED CAMPOS DAS VERTENTES;86493426;b3S;;I;2;BARBACENA;MG;03/2006;2.165;0;0;9.838;14;12.017;0;0;0;0;0;0;0;0;12.017;0;425;12.442;0;1.629;14.071
COOPERATIVA DE CRÉDITO DOS MÉDICOS E DEMAIS PROFISSIONAIS DA SAÚDE DE OURO PRETO LTDA.;747017;b3S;;I;2;OURO PRETO;MG;03/2006;2.793;0;0;9.114;0;11.907;0;0;0;0;0;0;0;0;11.907;0;899;12.806;0;1.264;14.070
COOPERATIVA DE CRÉDITO RURAL DE CAPELINHA LTDA;71243034;b3S;;I;2;CAPELINHA;MG;03/2006;2.183;0;0;1.250;2.787;6.221;0;0;0;0;0;0;0;3.780;10.000;0;869;10.869;0;3.181;14.050
COOPERATIVA DE CRÉDITO DOS COMERCIANTES DE CONFECÇÕES E CERAMISTAS DE ARAGUARI E REGIÃO LTDA. - ARACOOP;3320525;b3S;;I;2;ARAGUARI;MG;03/2006;2.064;0;0;25;7.801;9.891;0;0;0;0;0;0;0;1.121;11.012;0;533;11.545;0;2.497;14.041
COOPERATIVA DE CRÉDITO DO LAGO TRÊS MARIAS LTDA. - SICOOB CREDINOVA;912488;b3S;;I;2;MORADA NOVA DE MINAS;MG;03/2006;1.741;0;0;177;6.308;8.225;0;0;0;0;0;0;0;9;8.234;0;3.358;11.592;0;2.438;14.030
DIAS DE SOUZA VALORES SOCIEDADE CORRETORA LTDA;61795290;n2;;I;2;SAO PAULO;SP;03/2006;0;0;0;0;0;0;0;0;0;0;0;0;0;0;0;0;2.506;2.506;0;11.440;13.946
COOPERATIVA DE CRÉDITO RURAL DOS PRODUTORES DE CANA DA REGIÃO DE GUARANÉSIA LTDA - RURALCREDI;24048910;b3S;;I;2;GUARANESIA;MG;03/2006;1.092;0;0;0;3.557;4.649;0;0;0;0;0;0;0;2.717;7.366;0;1.853;9.219;0;4.672;13.890
COOPERATIVA DE CRÉDITO RURAL DE PARAOPEBA LTDA - CREDIPARAOPEBA;22749014;b3S;;I;2;PARAOPEBA;MG;03/2006;2.167;0;0;0;7.765;9.932;0;0;0;0;0;0;0;0;9.932;0;1.414;11.346;0;2.543;13.889
COOPERATIVA DE ECONOMIA E CRÉDITO MÚTUO DOS MÉDICOS E DEMAIS PROFISSIONAIS DE NÍVEL SUPERIOR DA SAÚDE DE SETE LAGOAS LTDA.;71163315;b3S;;I;2;SETE LAGOAS;MG;03/2006;2.077;0;0;8.944;0;11.021;0;0;0;0;0;0;0;0;11.021;0;664;11.685;0;2.195;13.880
COOPERATIVA DE CRÉDITO DE UNAÍ E NOROESTE MINEIRO LTDA - SICOOB CREDIUNAÍ;86564051;b3S;;I;2;UNAI;MG;03/2006;3.955;0;0;0;1.927;5.883;0;0;0;0;0;0;0;60;5.943;0;2.208;8.151;0;5.647;13.798
COOPERATIVA DE ECONOMIA E CRÉDITO MÚTUO DOS PROFISSIONAIS DA ÁREA DE SAÚDE DA REGIÃO DOS CAMPOS GERAIS LTDA.;3234384;b3S;;I;2;PONTA GROSSA;PR;03/2006;2.050;0;0;38;9.843;11.931;0;0;0;0;0;0;0;0;11.932;0;221;12.153;0;1.614;13.766
COOPERATIVA DE ECONOMIA E CRÉDITO MÚTUO DOS SERVIDORES DO PODER EXECUTIVO FEDERAL EM BRASÍLIA LTDA. - SICOOB EXECUTIVO;694877;b3S;;I;2;BRASILIA;DF;03/2006;387;0;0;3.885;404;4.676;0;0;0;0;0;0;0;1.243;5.919;0;952;6.871;0;6.892;13.763
COOPERATIVA DE CRÉDITO RURAL DE PONTA PORÃ E REGIÃO - SICREDI FRONTEIRA MS;26408096;b3S;;I;2;PONTA PORA;MS;03/2006;4.662;0;0;12;5.128;9.803;0;0;0;0;0;0;0;126;9.928;0;1.143;11.071;0;2.574;13.645
COOPERATIVA DE CRÉDITO RURAL DOS PRODUTORES DE LEITE DO VALE DO RIO GRANDE LTDA;86585049;b3S;;I;2;UBERABA;MG;03/2006;3.216;0;0;5.338;0;8.554;0;0;0;0;0;0;0;0;8.554;0;557;9.110;0;4.505;13.616
COOPERATIVA DE ECONOMIA E CREDITO MUTUO DOS EMPREGADOS DAS EMPRESAS RANDON;89280960;b3S;;I;2;CAXIAS DO SUL;RS;03/2006;0;0;0;3.615;0;3.615;0;0;0;0;0;0;0;0;3.615;0;978;4.593;0;8.993;13.585
COOPERATIVA DE ECONOMIA E CRÉDITO DOS COMERCIANTES DO OESTE MINEIRO LTDA. - SICOOB CREDICOPA;71297899;b3S;;I;2;PATOS DE MINAS;MG;03/2006;2.687;0;0;393;5.194;8.275;0;0;0;0;0;0;0;0;8.275;0;816;9.091;0;4.471;13.562
COOPERATIVA DE CRÉDITO MÚTUO DOS PROFISSIONAIS MÉDICOS E DA SAÚDE DE CURITIBA E REGIÃO METROPOLITANA - SICREDI MEDICRED;2924977;b3S;;I;2;CURITIBA;PR;03/2006;1.963;0;0;481;8.958;11.403;0;0;0;0;0;0;0;48;11.452;0;602;12.054;0;1.198;13.252
COOPERATIVA DE CRÉDITO DE ITAPAGIPE LTDA - SICOOB CREDITAPAGIPE;71506513;b3S;;I;2;ITAPAGIPE;MG;03/2006;1.170;0;0;0;4.872;6.042;0;0;0;0;0;0;0;15;6.057;0;3.705;9.763;0;3.459;13.222
COOPERATIVA DE CRÉDITO DE LIVRE ADMISSÃO DE ASSOCIADOS DE AJURICABA - SICREDI AJURICABA;93136471;b3S;;I;2;AJURICABA;RS;03/2006;999;0;0;182;4.475;5.656;0;0;0;0;0;0;0;119;5.775;0;4.028;9.804;0;3.403;13.207
ATRIUM S/A DISTRIBUIDORA DE TÍTULOS E VALORES MOBILIÁRIOS;62122718;n2;;I;2;SAO PAULO;SP;03/2006;0;0;0;0;1.907;1.907;4.662;0;0;0;0;0;0;0;6.569;0;4.935;11.504;0;1.605;13.109
COOPERATIVA DE ECONOMIA E CRÉDITO MÚTUO DOS EMPREGADOS DAS INSTITUIÇÕES DE ENSINO SUPERIOR DO SUL DE MINAS LTDA. - CREDFENAS;2414044;b3S;;I;2;ALFENAS;MG;03/2006;1.326;0;0;9.834;88;11.248;0;0;0;0;0;0;0;0;11.248;0;385;11.633;0;1.445;13.078
COOPERATIVA DE ECONOMIA E CRÉDITO MÚTUO DOS MÉDICOS E DEMAIS PROFISSIONAIS DA SAÚDE DA REGIÃO CENTRO PAULISTA - UNICRED CENTRO PAULISTA;71988653;b3S;;I;2;SAO CARLOS;SP;03/2006;1.115;0;0;8.329;0;9.444;0;0;0;0;0;0;0;0;9.444;0;613;10.057;0;2.977;13.034
COOPERATIVA DE CRÉDITO RURAL DOS PRODUTORES AGRÍCOLAS E PECUÁRIOS DA MÉDIA SOROCABANA;44373041;b3S;;I;2;ASSIS;SP;03/2006;567;0;0;0;6.732;7.299;0;0;0;0;0;0;0;916;8.215;0;1.162;9.377;0;3.560;12.937
COOPERATIVA DE ECONOMIA E CREDITO MUTUO DOS MEDICOS E DEMAIS PROFISSIONAIS DA SAUDE DE ERECHIM LTDA;1572667;b3S;;I;2;ERECHIM;RS;03/2006;5.563;0;0;5.068;0;10.631;0;0;0;0;0;0;0;0;10.631;0;456;11.088;0;1.691;12.778
COOPERATIVA DE CRÉDITO RURAL DE CACOAL LTDA;3612764;b3S;;I;2;CACOAL;RO;03/2006;1.912;0;0;4.019;0;5.932;0;0;0;0;0;0;0;0;5.932;0;2.071;8.003;0;4.718;12.721
COOPERATIVA DE ECONOMIA E CRÉDITO MÚTUO DOS MÉDICOS E DEMAIS PROFISSIONAIS DA SAÚDE DA REGIÃO DA ALTA MOGIANA - CREDIMED;69346856;b3S;;I;2;FRANCA;SP;03/2006;800;0;0;133;10.092;11.025;0;0;0;0;0;0;0;0;11.025;0;133;11.158;0;1.545;12.703
COOPERATIVA DE CRÉDITO DOS MÉDICOS E DEMAIS PROFISSIONAIS DA SAÚDE DE ARAXÁ LTDA;1727929;b3S;;I;2;ARAXA;MG;03/2006;1.725;0;0;8.535;1;10.260;0;0;0;0;0;0;0;0;10.260;0;367;10.627;0;1.972;12.599
COOPERATIVA DE ECONOMIA E CRÉDITO MÚTUO DOS EMPREGADOS DO GRUPO SCHAEFFLER;62284385;b3S;;I;2;SOROCABA;SP;03/2006;0;0;0;0;0;0;0;0;0;0;0;0;0;0;0;0;112;112;0;12.463;12.575
COOPERATIVA DE CRÉDITO DOS FUNCIONÁRIOS DA ABB - COOPERABB;51010858;b3S;;I;2;GUARULHOS;SP;03/2006;0;0;0;0;0;0;0;0;0;0;0;0;0;0;0;0;97;97;0;12.455;12.552
COOPERATIVA DE ECONOMIA E CRÉDITO MÚTUO DOS PROFISSIONAIS DA SAÚDE DO SUDOESTE E SUL DE GOIÁS;3047549;b3S;;I;2;RIO VERDE;GO;03/2006;1.579;0;0;8.271;0;9.849;0;0;0;0;0;0;0;0;9.849;0;530;10.379;0;2.057;12.436
COOPERATIVA DE CRÉDITO RURAL DO SUL DE MINAS LTDA. - SICOOB RIVERCRED;3590086;b3S;;I;2;CARMO DE MINAS;MG;03/2006;1.652;0;0;0;1.744;3.396;0;0;0;0;0;0;0;5.928;9.324;0;504;9.828;0;2.584;12.413
FIN-HAB CREDITO IMOBILIARIO S/A;90535998;n1;;I;2;PORTO ALEGRE;RS;03/2006;0;0;0;0;0;0;0;0;0;0;0;0;0;0;0;0;4.013;4.013;0;8.344;12.357
BOREAL DISTRIBUIDORA DE TÍTULOS E VALORES MOBILIÁRIOS S.A.;30280184;n2;;I;2;RIO DE JANEIRO;RJ;03/2006;0;0;0;0;0;0;0;0;0;0;0;0;0;0;0;0;3.452;3.452;0;8.897;12.349
COOPERATIVA DE CREDITO RURAL NOVA TRENTO-SICOOB/SC TRENTOCREDI;2641969;b3S;;I;2;NOVA TRENTO;SC;03/2006;1.536;0;0;0;7.567;9.103;0;0;0;0;0;0;0;535;9.638;0;421;10.059;0;2.219;12.278
COOPERATIVA DE ECONOMIA E CRÉDITO MÚTUO DA ALIANÇA DOS MÉDICOS DE MARÍLIA-SICREDI MARÍLIA;4463602;b3S;;I;2;MARILIA;SP;03/2006;2.073;0;0;7.600;44;9.717;0;0;0;0;0;0;0;74;9.790;0;400;10.191;0;2.063;12.253
COOPERATIVA DE ECONOMIA E CRÉDITO MÚTUO DOS COMERCIANTES DE MEDICAMENTOS, PERFUMARIA E COSMÉTICOS E DOS PROFISSIONAIS DE ENGENHARIA, ARQUITETURA, AGRONOMIA E GEOLOGIA DA GRANDE CUIABÁ;4904878;b3S;;I;2;CUIABA;MT;03/2006;5.629;0;0;85;3.906;9.621;0;0;0;0;0;0;0;27;9.648;0;1.243;10.890;0;1.300;12.191
COOPERATIVA DE CRÉDITO MÚTUO DOS PROFISSIONAIS DA ÁREA DA SAÚDE DA GRANDE SÃO PAULO - SICREDI GRANDE SÃO PAULO SP;4306351;b3S;;I;2;SAO PAULO;SP;03/2006;2.388;0;0;3.103;3.616;9.108;0;0;0;0;0;0;0;0;9.108;0;580;9.688;0;2.439;12.127
COOPERATIVA DE CRÉDITO RURAL CAZOLA;315406;b3S;;I;2;LUCELIA;SP;03/2006;376;0;0;0;8.276;8.651;0;0;0;0;0;0;0;407;9.059;0;120;9.178;0;2.918;12.097
COOPERATIVA DE CREDITO RURAL OURO VERDE;37490935;b3S;;I;2;SAO JOSE DO RIO CLARO;MT;03/2006;2.153;0;0;0;3.072;5.225;0;0;0;0;0;0;0;147;5.372;0;4.042;9.414;0;2.637;12.051
COOPERATIVA DE CRÉDITO DE BAMBUÍ LTDA. - SICOOB CREDIBAM;66259110;b3S;;I;2;BAMBUI;MG;03/2006;1.405;0;0;261;2.605;4.271;0;0;0;0;0;0;0;1.879;6.150;0;2.498;8.649;0;3.364;12.013
COOPERATIVA DE ECONOMIA E CRÉDITO MÚTUO DOS MÉDICOS E  DEMAIS PROFISSIONAIS DA SAÚDE DE IPATINGA LTDA;1806569;b3S;;I;2;IPATINGA;MG;03/2006;838;0;0;7.922;0;8.760;0;0;0;0;0;0;0;0;8.760;0;553;9.313;0;2.595;11.909
COOPERATIVA DE ECONOMIA E CRÉDITO MÚTUO  DOS COMERCIANTES DE CONFECÇÕES DE UBA LTDA.;2759121;b3S;;I;2;UBA;MG;03/2006;1.404;0;0;0;7.242;8.646;0;0;0;0;0;0;0;0;8.646;0;235;8.881;0;2.928;11.809
COOPERATIVA DE ECONOMIA E CRÉDITO MÚTUO DOS MÉDICOS E DEMAIS PROFISSIONAIS DE NÍVEL  SUPERIOR DA SAÚDE DA REGIÃO DE  ARARAS - UNICRED ARARAS;2647564;b3S;;I;2;ARARAS;SP;03/2006;1.060;0;0;8.513;0;9.573;0;0;0;0;0;0;0;0;9.573;0;397;9.970;0;1.810;11.780
COOPERATIVA DE CRÉDITO RURAL DE ITAÍ-PARANAPANEMA-AVARÉ;966246;b3S;;I;2;ITAI;SP;03/2006;1.991;0;0;666;1.860;4.517;0;0;0;0;0;0;0;1.103;5.620;0;1.476;7.096;0;4.646;11.742
COOPERATIVA DE ECONOMIA E CRÉDITO DOS PEQUENOS EMPRESÁRIOS, MICROEMPRESÁRIOS E MICROEMPREENDEDORES DE BOTUCATU E REGIÃO - SICREDI CENTRO OESTE PAULISTA;4306391;b3S;;I;2;BOTUCATU;SP;03/2006;1.648;0;0;6.781;421;8.850;0;0;0;0;0;0;0;32;8.882;0;471;9.353;0;2.217;11.570
OMAR CAMARGO CORRETORA DE CAMBIO E VALORES LTDA;76616978;n2;;I;2;CURITIBA;PR;03/2006;0;0;0;0;1.210;1.210;0;0;0;0;0;0;0;0;1.210;73;4.797;6.080;0;5.480;11.561
COOPERATIVA DE CRÉDITO RURAL DOS PLANTADORES DE CANA E PRODUTORES RURAIS DO NORDESTE DE MINAS E SUL DA BAHIA LTDA - CREDINORTE;64276058;b3S;;I;2;NANUQUE;MG;03/2006;3.568;0;0;0;4.308;7.876;0;0;0;0;0;0;0;147;8.023;0;1.179;9.202;0;2.312;11.515
COOPERATIVA DE CREDITO RURAL DE CAMPO GRANDE E REGIAO;3042597;b3S;;I;2;CAMPO GRANDE;MS;03/2006;2.342;0;0;241;5.803;8.386;0;0;0;0;0;0;0;193;8.580;0;1.049;9.628;0;1.824;11.452
COOPERATIVA DE ECONOMIA E CREDITO MUTUO TRABALHADORES. EM TRANSPORTES RODOVIARIOS DE CONCORDIA E REGIAO- SICOOB/SC- TRANSCREDI;4247370;b3S;;I;2;CONCORDIA;SC;03/2006;2.513;0;0;2.713;3.398;8.624;0;0;0;0;0;0;0;0;8.624;0;323;8.947;0;2.478;11.425
COOPERATIVA DE CRÉDITO MÚTUO DOS MÉDICOS E DEMAIS PROFISSIONAIS DE NÍVEL SUPERIOR DA SAÚDE DA REGIÃO DE SÃO JOÃO DA BOA VIISTA;3001648;b3S;;I;2;SAO JOAO DA BOA VISTA;SP;03/2006;2.053;0;0;7.003;610;9.665;0;0;0;0;0;0;0;94;9.759;0;414;10.173;0;1.235;11.408
COOPERATIVA DE CRÉDITO MÚTUO DOS EMPREGADOS E SERVIDORES DA DERSA, SECRETARIA DE ESTADO DOS NEGOCIOS DOS TRANSPORTES E ÓRGAOS SUBORDINADOS DO ESTADO DE SÃO PAULO - COOPTRANSP;66555665;b3S;;I;2;SAO PAULO;SP;03/2006;0;0;0;0;0;0;0;0;0;0;0;0;0;0;0;0;870;870;0;10.479;11.348
COOPERATIVA DE CRÉDITO RURAL DE ITAÚNA LTDA - SICOOB CREDIUNA;64237530;b3S;;I;2;ITAUNA;MG;03/2006;3.188;0;0;0;4.753;7.940;0;0;0;0;0;0;0;16;7.956;0;743;8.699;0;2.586;11.285
DIBRAN DISTRIBUIDORA DE TÍTULOS E VALORES MOBILIÁRIOS LTDA.;62280490;n2;;I;2;SAO PAULO;SP;03/2006;0;0;0;0;0;0;0;0;0;0;0;0;0;0;0;0;2.299;2.299;0;8.982;11.280
AGÊNCIA DE FOMENTO DO ESTADO DE MATO GROSSO S.A.;6284531;n1;;I;1;CUIABA;MT;03/2006;0;0;0;0;0;0;0;0;0;0;0;0;0;0;0;0;2.517;2.517;0;8.733;11.250
COOPERATIVA DE ECONOMIA E CREDITO MUTUO DOS INTEGRANTES DO MINISTERIO PUBLICO DO RIO GRANDE DO SUL;3662047;b3S;;I;2;PORTO ALEGRE;RS;03/2006;176;0;0;0;9.448;9.624;0;0;0;0;0;0;0;37;9.661;0;112;9.773;0;1.413;11.187
COOPERATIVA DE ECONOMIA E CRÉDITO MÚTUO DOS MÉDICOS E DEMAIS  PROFISSIONAIS DE SAÚDE DO EXTREMO SUL DA BAHIA - UNICRED EXTREMO SUL DA  BAHIA;2904362;b3S;;I;2;EUNAPOLIS;BA;03/2006;2.462;0;0;7.708;0;10.170;0;0;0;0;0;0;0;0;10.170;0;426;10.596;0;584;11.180
COOPERATIVA DE CRÉDITO RURAL DE PIUMHI LTDA;41805003;b3S;;I;2;PIUMHI;MG;03/2006;1.541;0;0;4.268;0;5.809;0;0;0;0;0;0;0;0;5.809;0;395;6.204;0;4.839;11.043
COOPERATIVA DE ECONOMIA E CREDITO MUTUO COMERCIANTES DE CONFECÇOES REGIAO OESTE - SICOOB OESTE;5392810;b3S;;I;2;TOLEDO;PR;03/2006;1.452;0;0;0;6.970;8.422;0;0;0;0;0;0;0;126;8.548;0;284;8.833;0;2.167;11.000
COOPERATIVA DE ECONOMIA E CRÉDITO MÚTUO DOS INTEGRANTES DAS CARREIRAS JURÍDICAS DO ESTADO DE MATO GROSSO DO SUL - SICREDI JURÍDICA/MS;2320791;b3S;;I;2;CAMPO GRANDE;MS;03/2006;1.426;0;0;31;6.604;8.061;0;0;0;0;0;0;0;268;8.329;0;137;8.466;0;2.458;10.924
CORRETORA GERAL DE VALORES E CAMBIO LTDA;92858380;n2;;I;2;PORTO ALEGRE;RS;03/2006;0;0;0;0;0;0;0;0;0;0;0;0;0;0;0;0;3.244;3.244;0;7.651;10.895
COOPERATIVA DE ECONOMIA E CREDITO MUTUO DO SETOR ODONTOLOGICO-CREDIODONTO;2883398;b3S;;I;2;BLUMENAU;SC;03/2006;748;0;0;912;7.704;9.364;0;0;0;0;0;0;0;0;9.364;0;280;9.644;0;1.223;10.868
COOPERATIVA DE CRÉDITO RURAL DE PATROCÍNIO LTDA;65229254;b3S;;I;2;PATROCINIO;MG;03/2006;1.510;0;0;0;2.014;3.524;0;0;0;0;0;0;0;432;3.956;0;4.303;8.260;0;2.597;10.857
COOPERATIVA DE CRÉDITO RURAL DE GUARANI LTDA - GUARANICREDI;26014175;b3S;;I;2;GUARANI;MG;03/2006;1.902;0;0;0;5.319;7.221;0;0;0;0;0;0;0;12;7.233;0;1.300;8.533;0;2.323;10.856
COOPERATIVA DE ECONOMIA E CREDITO MUTUO DOS MEDICOS E DEMAIS PROFISSIONAIS DA SAUDE DE JOACABA;2853045;b3S;;I;2;JOACABA;SC;03/2006;207;0;0;6.553;0;6.760;0;0;0;0;0;0;0;0;6.760;0;675;7.435;0;3.411;10.846
UNICRED BELÉM - COOPERATIVA DE ECONOMIA E CRÉDITO MÚTUO DOS PROFISSIONAIS DE NÍVEL SUPERIOR DA ÁREA DE SAÚDE DE BELÉM;83315408;b3S;;I;2;BELEM;PA;03/2006;931;0;0;0;5.931;6.862;0;0;0;0;0;0;0;721;7.583;0;483;8.066;0;2.770;10.836
COOPERATIVA DE CRÉDITO DA REGIÃO DE TIROS E MATUTINA LTDA - SICOOB CREDITIROS;42880617;b3S;;I;2;TIROS;MG;03/2006;1.811;0;0;0;3.978;5.789;0;0;0;0;0;0;0;511;6.301;0;2.361;8.661;0;2.053;10.714
COOPERATIVA DE ECONOMIA E CRÉDITO MÚTUO DOS EMPREGADOS DAS EMPRESAS DO GRUPO ZEMA LTDA.;71378426;b3S;;I;2;ARAXA;MG;03/2006;1.059;0;0;0;4.212;5.270;0;0;0;0;0;0;0;749;6.019;0;252;6.271;0;4.392;10.662
UNICRED CARIRI - COOPERATIVA DE ECONOMIA E CRÉDITO MÚTUO DOS  MÉDICOS E DEMAIS PROFISSIONAIS DA SAÚDE DA REGIÃO DO CARIRI LTDA.;86913993;b3S;;I;2;JUAZEIRO DO NORTE;CE;03/2006;1.664;0;0;583;4.511;6.758;0;0;0;0;0;0;0;0;6.758;0;612;7.371;0;3.282;10.653
COOPERATIVA DE CRÉDITO RURAL ALTO RIO GRANDE LTDA - CREDIGRANDE;25626490;b3S;;I;2;LAVRAS;MG;03/2006;984;0;0;0;2.313;3.297;0;0;0;0;0;0;0;2.303;5.600;0;1.869;7.469;0;3.107;10.577
COOPERATIVA DE ECONOMIA E CRÉDITO MÚTUO DOS COMERCIANTES DE CONFECÇÕES DO SUL E SUDOESTE MINEIRO LTDA. - SICOOB CREDIACIP;599085;b3S;;I;2;PASSOS;MG;03/2006;1.035;0;0;6.738;0;7.773;0;0;0;0;0;0;0;0;7.773;0;532;8.304;0;2.271;10.575
COOPERATIVA DE ECONOMIA E CRÉDITO MÚTUO DOS FUNCIONÁRIOS DA NESTLÉ - CREDI NESTLÉ;62562012;b3S;;I;2;SAO PAULO;SP;03/2006;0;0;0;0;0;0;0;0;0;0;0;0;0;0;0;0;507;507;0;10.042;10.548
COOPERATIVA DE CRÉDITO RURAL DOS PRODUTORES DO VALE DO PARAÍSO LTDA - SICOOB CREDIVAP;22656789;b3S;;I;2;ESPERA FELIZ;MG;03/2006;3.280;0;0;0;4.766;8.046;0;0;0;0;0;0;0;18;8.064;0;1.509;9.572;0;968;10.540
COOPERATIVA DE ECONOMIA E CRÉDITO MÚTUO DOS PROFISSIONAIS DE SAÚDE DE NÍVEL SUPERIOR DE ARACAJU LTDA.;2923389;b3S;;I;2;ARACAJU;SE;03/2006;1.511;0;0;0;6.264;7.776;0;0;0;0;0;0;0;0;7.776;0;535;8.311;0;2.196;10.507
COOPERATIVA DE ECONOMIA E CREDITO MUTUO DOS LOJISTAS DO VESTUARIO E CONFECCOES DE CUIABA;4019608;b3S;;I;2;CUIABA;MT;03/2006;1.807;0;0;0;6.000;7.807;0;0;0;0;0;0;0;109;7.916;0;219;8.135;0;2.350;10.484
COOPERATIVA DE ECONOMIA E CRÉDITO MÚTUO DOS SERVIDORES E  MEMBROS DO PODER JUDICIÁRIO, DO MINISTÉRIO PÚBLICO E DE ORGÃOS JURÍDICOS EM ALAGOAS - JURISCRED;4179861;b3S;;I;2;MACEIO;AL;03/2006;752;0;0;1.154;3.153;5.060;0;0;0;0;0;0;0;223;5.283;0;418;5.700;0;4.741;10.441
COOPERATIVA DE CREDITO RURAL DA GRANDE CACERES;3500740;b3S;;I;2;CACERES;MT;03/2006;3.995;0;0;316;3.923;8.234;0;0;0;0;0;0;0;62;8.296;0;800;9.096;0;1.337;10.433
COOPERATIVA DE CRÉDITO DO VALE DO GORUTUBA LTDA - SICOOB CREDIVAG;25404542;b3S;;I;2;JANAUBA;MG;03/2006;952;0;0;0;1.552;2.504;0;0;0;0;0;0;0;2.135;4.638;0;1.674;6.312;0;4.096;10.408
COOPERATIVA DE CRÉDITO RURAL DE ITAMARAJU LTDA;1205736;b3S;;I;2;ITAMARAJU;BA;03/2006;1.536;0;0;503;2.966;5.004;0;0;0;0;0;0;0;128;5.132;0;647;5.779;0;4.527;10.306
COOPERATIVA DE CREDITO RURAL SAO JOSE DO CERRITO-SICOOBSC-CREDICARU;694389;b3S;;I;2;SAO JOSE DO CERRITO;SC;03/2006;1.248;0;0;1.573;2.444;5.266;0;0;0;0;0;0;0;2.104;7.370;0;418;7.788;0;2.492;10.280
COOPERATIVA DE ECONOMIA E CRÉDITO MÚTUO DOS FUNCIONÁRIOS DO GRUPO COSAN - BARRACRED COSAN;1439107;b3S;;I;2;BARRA BONITA;SP;03/2006;0;0;0;0;0;0;0;0;0;0;0;0;0;0;0;0;1.404;1.404;0;8.827;10.231
COOPERATIVA DE CREDITO RURAL DO MEDIO LESTE DE MATO GROSSO - SICOOB PRIMAVERA;5241619;b3S;;I;2;PRIMAVERA DO LESTE;MT;03/2006;3.373;0;0;1.767;2;5.142;0;0;0;0;0;0;0;802;5.944;0;1.400;7.344;0;2.839;10.182
COOPERATIVA CENTRAL DE CRÉDITO NOROESTE BRASILEIRO LTDA.;4632856;b3C;;I;2;JI-PARANA;RO;03/2006;0;0;0;0;0;0;0;0;0;0;0;0;0;0;0;0;2.863;2.863;0;7.250;10.113
COOPERATIVA DE ECONOMIA E CREDITO MUTUO DOS MEDICOS E DEMAIS PROFISSIONAIS DA SAUDE DO VALE DAS ANTAS LTDA;94243839;b3S;;I;2;CASCA;RS;03/2006;6.455;0;0;1.175;0;7.630;0;0;0;0;0;0;0;0;7.630;0;324;7.954;0;2.139;10.093
COOPERATIVA DE CRÉDITO RURAL DO VALE DO SUBAÉ;4287631;b3S;;I;2;SERRA PRETA;BA;03/2006;4.323;0;0;0;4.452;8.775;0;0;0;0;0;0;0;0;8.775;0;444;9.219;0;874;10.093
COOPERATIVA DE CRÉDITO DOS EMPRESÁRIOS DE ARAPONGAS - SICOOB ARAPONGAS;7194313;b3S;;I;2;ARAPONGAS;PR;03/2006;1.737;0;0;0;4.320;6.057;0;0;0;0;0;0;0;1.147;7.205;0;439;7.644;0;2.418;10.061
PARATI - CREDITO, FINANCIAMENTO E INVESTIMENTO S.A.;3311443;n1;;I;2;VITORIA;ES;03/2006;0;0;0;0;0;0;0;0;0;0;0;0;0;0;0;0;1.421;1.421;0;8.627;10.048
COOPERATIVA DE CRÉDITO RURAL DE CAMPINA VERDE LTDA - SICOOB CREDICAMPINA;1609345;b3S;;I;2;CAMPINA VERDE;MG;03/2006;1.808;0;0;0;4.378;6.185;0;0;0;0;0;0;0;12;6.197;0;1.840;8.037;0;2.004;10.041
COOPERATIVA DE ECONOMIA E CRÉDITO MÚTUO DOS EMPREGADOS DA EATON DE VALINHOS;73077398;b3S;;I;2;VALINHOS;SP;03/2006;0;0;0;0;0;0;0;0;0;0;0;0;0;0;0;0;480;480;0;9.550;10.030
COOPERATIVA DE CREDITO MUTUO DOS MICROEMPRESARIOS, PEQUENOS EMPRESÁRIOS E MICROEMPREENDEDORES DE FRANCISCO BELTRÃO - SICOOB CRESUD;2466552;b3S;;I;2;FRANCISCO BELTRAO;PR;03/2006;842;0;0;0;6.804;7.646;0;0;0;0;0;0;0;82;7.728;0;389;8.117;0;1.850;9.967
COOPERATIVA DE CRÉDITO RURAL PINTADAS;2057584;b3S;;I;2;PINTADAS;BA;03/2006;1.421;0;0;95;4.089;5.605;0;0;0;0;0;0;0;714;6.319;0;438;6.757;0;3.205;9.962
COOPERATIVA DE CRÉDITO RURAL DE CARMO DO CAJURU LTDA. - SICOOB CARMOCREDI;65239402;b3S;;I;2;CARMO DO CAJURU;MG;03/2006;1.198;0;0;0;6.011;7.208;0;0;0;0;0;0;0;8;7.216;0;1.079;8.295;0;1.552;9.848
INFOCRERJ - COOPERATIVA DE ECONOMIA E CRÉDITO MÚTUO DOS PROFISSIONAIS DE INFORMÁTICA DA REGIÃO METROPOLITANA DO RIO DE JANEIRO;4120633;b3S;;I;2;RIO DE JANEIRO;RJ;03/2006;1.683;0;0;4.656;33;6.372;0;0;0;0;0;0;0;0;6.372;0;1.205;7.578;0;2.234;9.812
COOPERATIVA DE CREDITO RURAL DE PEDRO LEOPOLDO LTDA. - SICOOB CREDIPEL;71441406;b3S;;I;2;PEDRO LEOPOLDO;MG;03/2006;1.482;0;0;0;4.634;6.116;0;0;0;0;0;0;0;14;6.130;0;1.081;7.211;0;2.586;9.797
BGN LEASING S.A.-ARRENDAMENTO MERCANTIL;1852137;n1;;I;2;RECIFE;PE;03/2006;0;0;0;0;0;0;0;0;0;0;0;0;0;0;0;0;3.134;3.134;0;6.641;9.775
COOPERATIVA DE ECONOMIA E CRÉDITO MÚTUO DOS MÉDICOS E PROFISSIONAIS DA SAÚDE DA REGIÃO DE CARATINGA, MANHUAÇU E CARANGOLA LTDA. - SICOOB PROFISSIONAIS DA SAÚDE;71261184;b3S;;I;2;CARATINGA;MG;03/2006;1.428;0;0;5.141;0;6.569;0;0;0;0;0;0;0;0;6.569;0;762;7.331;0;2.422;9.753
COOPERATIVA DE ECONOMIA E CRÉDITO MÚTUO DOS CORRETORES DE SEGUROS, CAPITALIZAÇÃO E DE PREVIDÊNCIA PRIVADA DA MICROREGIÃO DE GOIÂNIA - CREDICOR-GO;2935307;b3S;;I;2;GOIANIA;GO;03/2006;2.258;0;0;0;2.548;4.805;0;0;0;0;0;0;0;0;4.805;0;528;5.333;0;4.405;9.738
COOPERATIVA DE CREDITO RURAL DE COLORADO;87776209;b3S;;I;2;COLORADO;RS;03/2006;761;0;0;88;3.169;4.018;0;0;0;0;0;0;0;109;4.127;0;3.247;7.374;0;2.278;9.652
EUROLEASE S.A. ARRENDAMENTO MERCANTIL;42290403;n1;;I;3;PASSA QUATRO;MG;03/2006;0;0;0;0;0;0;0;0;0;0;0;0;0;0;0;0;2.230;2.230;0;7.386;9.616
COOPERATIVA DE CREDITO DE CAPITÓLIO LTDA - SICOOB CREDICAPI;804046;b3S;;I;2;CAPITOLIO;MG;03/2006;1.131;0;0;0;3.068;4.199;0;0;0;0;0;0;0;2.118;6.317;0;1.695;8.012;0;1.529;9.541
COOPERATIVA DE ECONOMIA E CRÉDITO MÚTUO DOS FUNCIONÁRIOS DA ERICSSON;48718183;b3S;;I;2;SAO PAULO;SP;03/2006;0;0;0;0;0;0;0;0;0;0;0;0;0;0;0;0;498;498;0;8.987;9.485
BALUARTE S/A CORRETORA DE CAMBIO;61688131;n2;;I;2;SAO PAULO;SP;03/2006;0;0;0;0;0;0;0;0;0;0;0;0;0;0;0;0;1.464;1.464;0;7.936;9.401
COOPERATIVA DE ECONOMIA E CRÉDITO MÚTUO DOS MÉDICOS E DEMAIS  PROFISSIONAIS DA ÁREA DE SAÚDE DO NORDESTE DA BAHIA LTDA - UNICRED  NORDESTE DA BAHIA;2602922;b3S;;I;2;FEIRA DE SANTANA;BA;03/2006;2.314;0;0;4.445;0;6.759;0;0;0;0;0;0;0;0;6.759;0;578;7.337;0;1.929;9.266
COOPERATIVA DE ECONOMIA E CRÉDITO MÚTUO DOS ENGENHEIROS DE BELO HORIZONTE E REGIÃO METROPOLITANA DE BELO HORIZONTE LTDA. - SICOOB ENGECRED;2606305;b3S;;I;2;BELO HORIZONTE;MG;03/2006;1.938;0;0;0;4.430;6.368;0;0;0;0;0;0;0;0;6.368;0;968;7.336;0;1.928;9.264
AGÊNCIA DE FOMENTO DO ESTADO DO TOCANTINS S.A.;5474540;n1;;I;1;PALMAS;TO;03/2006;0;0;0;0;0;0;0;0;0;0;0;0;0;0;0;0;1.136;1.136;0;8.114;9.250
COOPERATIVA DE ECONOMIA E CRÉDITO MÚTUO DOS PROFISSIONAIS DA SAÚDE DA ZONA DA MATA MINEIRA E SUL DO ESPÍRITO SANTO - UNICRED SUDESTE;86389236;b3S;;I;2;VICOSA;MG;03/2006;1.361;0;0;4.691;0;6.053;0;0;0;0;0;0;0;0;6.053;0;566;6.619;0;2.626;9.244
COOPERATIVA DE CRÉDITO DOS PEQUENOS EMPRESÁRIOS, MICROEMPRESÁRIOS E MICROEMPREENDEDORES DA REGIÃO NORDESTE DO RIO GRANDE DO SUL - SICREDI FECOMÉRCIO NORDESTE;3581767;b3S;;I;2;CAXIAS DO SUL;RS;03/2006;2.418;0;0;260;5.110;7.787;0;0;0;0;0;0;0;16;7.804;0;395;8.199;0;1.042;9.241
COOPERATIVA DE CREDITO RURAL COM INTERACAO SOLIDARIA DE CONSTANTINA-CRESOL CONSTANTINA.;2663426;b3S;;I;2;CONSTANTINA;RS;03/2006;698;0;0;4.665;0;5.363;0;0;0;0;0;0;0;773;6.136;0;1.205;7.341;0;1.896;9.237
COOPERATIVA DE ECONOMIA E CRÉDITO MÚTUO DOS MÉDICOS E DEMAIS PROFISSIONAIS DA SAÚDE DE UBA LTDA.;1602677;b3S;;I;2;UBA;MG;03/2006;1.312;0;0;5.397;0;6.709;0;0;0;0;0;0;0;0;6.709;0;344;7.053;0;2.134;9.187
COOPERATIVA DE ECONOMIA E CRÉDITO MÚTUO DOS EMPREGADOS DA KRAFT FOODS BRASIL, PHILIP MORRIS BRASIL E K&S ALIMENTOS;62795257;b3S;;I;2;SAO PAULO;SP;03/2006;0;0;0;0;0;0;0;0;0;0;0;0;0;0;0;0;563;563;0;8.606;9.170
COOPERATIVA DE ECONOMIA E CRÉDITO MÚTUO DOS FUNCIONÁRIOS DAS EMPRESAS DE ENERGIA ELÉTRICA DO ESTADO DE SÃO PAULO - COOPENERG;52301496;b3S;;I;2;BAURU;SP;03/2006;143;0;0;1.786;8;1.937;0;0;0;0;0;0;0;572;2.509;0;131;2.640;0;6.524;9.164
OLIVEIRA FRANCO SOCIEDADE CORRETORA DE VALORES E CAMBIO LTDA;76633486;n2;;I;2;CURITIBA;PR;03/2006;0;0;0;0;106;106;6.417;0;0;0;0;0;0;0;6.523;0;295;6.817;0;2.339;9.156
CREDIPE - COOPERATIVA DE ECONOMIA E CRÉDITO MÚTUO DOS SERVIDORES PÚBLICOS DOS PODERES EXECUTIVO E LEGISLATIVO NO ESTADO DE PERNAMBUCO;4146333;b3S;;I;2;RECIFE;PE;03/2006;154;0;0;3.614;66;3.834;0;0;0;0;0;0;0;2.864;6.698;0;204;6.902;0;2.226;9.127
COOPERATIVA DE CRÉDITO DOS PEQUENOS EMPRESÁRIOS, MICROEMPRESÁRIOS E MICROEMPREENDEDORES DO NORTE E NORDESTE DE SANTA CATARINA - SICREDI EMPRESARIAL;2843443;b3S;;I;2;JOINVILLE;SC;03/2006;1.110;0;0;115;6.153;7.379;0;0;0;0;0;0;0;0;7.379;0;487;7.866;0;1.155;9.021
COOPERATIVA DE CRÉDITO RURAL DE ARIQUEMES LTDA.;3222753;b3S;;I;2;ARIQUEMES;RO;03/2006;1.437;0;0;3.903;0;5.340;0;0;0;0;0;0;0;0;5.340;0;285;5.625;0;3.395;9.020
COOPERATIVA DE ECONOMIA E CRÉDITO MÚTUO DOS PEQUENOS EMPRESÁRIOS, MICROEMPRESÁRIOS E MICROEMPREENDEDORES DE PARANAVAÍ - SICOOB PARANAVAÍ;5772229;b3S;;I;2;PARANAVAI;PR;03/2006;1.168;0;0;0;5.991;7.159;0;0;0;0;0;0;0;71;7.230;0;305;7.536;0;1.476;9.012
DIMARCO DISTRIBUIDORA DE TITULOS E VALORES MOBLIARIOS S/A;28116887;n2;;I;2;RIO DE JANEIRO;RJ;03/2006;0;0;0;0;0;0;0;0;0;0;0;0;0;0;0;0;1.307;1.307;0;7.668;8.975
COOPERATIVA DE ECONOMIA E CRÉDITO MÚTUO DOS EMPREGADOS DA COOP - COOPERATIVA DE CONSUMO;47074323;b3S;;I;2;SANTO ANDRE;SP;03/2006;5;0;0;0;0;5;0;0;0;0;0;0;0;432;438;0;464;901;0;8.012;8.913
COOPERATIVA DE ECONOMIA E CRÉDITO MÚTUO DOS EMPREGADOS DAS EMPRESAS DO GRUPO ECONÔMICO RHODIA;57563728;b3S;;I;2;SANTO ANDRE;SP;03/2006;28;0;0;2.612;0;2.640;0;0;0;0;0;0;0;0;2.640;0;620;3.261;0;5.647;8.908
COOPERATIVA DE CRÉDITO RURAL DE JOÃO PINHEIRO LTDA;71154876;b3S;;I;2;JOAO PINHEIRO;MG;03/2006;1.330;0;0;0;2.268;3.598;0;0;0;0;0;0;0;22;3.620;0;1.808;5.428;0;3.464;8.892
UNICRED PORTO VELHO   COOPERATIVA DE ECONOMIA E CRÉDITO MÚTUO DOS MÉDICOS E DEMAIS PROFISSIONAIS DA SAÚDE DE PORTO VELHO LTDA.;1664968;b3S;;I;2;PORTO VELHO;RO;03/2006;1.449;0;0;4.794;0;6.242;0;0;0;0;0;0;0;0;6.242;0;536;6.779;0;2.079;8.857
COOPCRED-COOPERATIVA DE CRÉDITO DOS FORNECEDORES DE CANA E AGROPECUARISTAS DA REGIÃO OESTE PAULISTA;53623781;b3S;;I;2;VALPARAISO;SP;03/2006;943;0;0;1.624;376;2.943;0;0;0;0;0;0;0;695;3.639;0;673;4.312;0;4.531;8.843
COOPERATIVA DE ECONOMIA E CRÉDITO MÚTUO DOS COMERCIANTES DE CONFECÇÕES DE BOM DESPACHO LTDA;1703620;b3S;;I;2;BOM DESPACHO;MG;03/2006;950;0;0;0;4.351;5.301;0;0;0;0;0;0;0;0;5.301;0;290;5.591;0;3.224;8.815
COOPERATIVA DE CRÉDITO DE GUARULHOS;49069990;b3S;;I;2;GUARULHOS;SP;03/2006;1.588;0;0;0;0;1.588;0;0;0;0;0;0;0;0;1.588;0;1.410;2.998;0;5.811;8.809
COOPERATIVA DE CRÉDITO RURAL DOS PRODUTORES DA ZONA DE SÃO MANUEL;174915;b3S;;I;2;SAO MANUEL;SP;03/2006;368;0;0;26;2.966;3.360;0;0;0;0;0;0;0;2.868;6.228;0;490;6.718;0;2.082;8.800
COOPERATIVA DE ECONOMIA E CRÉDITO MÚTUO DOS EMPREGADOS DA RHODIA PAULINIA;46058731;b3S;;I;2;PAULINIA;SP;03/2006;0;0;0;0;0;0;0;0;0;0;0;0;0;0;0;0;204;204;0;8.589;8.793
COOPERATIVA DE ECONOMIA E CREDITO MUTUO DOS SERVIDORES PUBLICOS DO ESTADO DE SANTA CATARINA-CREDISC;3419786;b3S;;I;2;FLORIANOPOLIS;SC;03/2006;570;0;0;0;6.456;7.025;0;0;0;0;0;0;0;0;7.025;0;300;7.325;0;1.426;8.750
COOPERATIVA DE ECONOMIA E CREDITO MUTUO DOS MEDICOS E DEMAIS PROFISSIONAIS DA SAUDE DA GRANDE SANTA ROSA;1775072;b3S;;I;2;SANTA ROSA;RS;03/2006;557;0;0;6.437;0;6.994;0;0;0;0;0;0;0;0;6.994;0;295;7.288;0;1.446;8.734
CONVENCAO S.A. CORRETORA DE VALORES E CAMBIO;61747085;n2;;I;2;SAO PAULO;SP;03/2006;0;0;0;0;0;0;0;0;0;0;0;0;0;0;0;0;860;860;0;7.859;8.719
PORTOPAR DISTRIBUIDORA DE TITULOS E VALORES MOBILIARIOS LTDA.;40303299;n2;;I;2;SAO PAULO;SP;03/2006;0;0;0;0;0;0;0;0;0;0;0;0;0;0;0;0;1.874;1.874;0;6.816;8.690
CORVAL - CORRETORA DE VALORES MOBILIARIOS S/A;17312786;n2;;I;2;BELO HORIZONTE;MG;03/2006;0;0;0;0;0;0;0;0;0;0;0;0;0;0;0;0;4.225;4.225;0;4.438;8.663
COOPERATIVA DE ECONOMIA E CREDITO MUTUO DOS SERVIDORES DO PODER JUDICIARIO DO ESTADO DO ESPIRITO SANTO - COOPJUD;1330295;b3S;;I;2;VITORIA;ES;03/2006;603;0;0;2.056;0;2.659;0;0;0;0;0;0;0;0;2.659;0;1.069;3.728;0;4.911;8.639
COOPERATIVA DE ECONOMIA E CREDITO MUTUO DOS COMERCIANTES DE AUTOMOTORES, PEÇAS E SERVIÇOS DE CUIABA E VARZEA GRANDE-SICOOB AUTOCRED;4310638;b3S;;I;2;CUIABA;MT;03/2006;312;0;0;4.004;162;4.478;0;0;0;0;0;0;0;748;5.226;0;743;5.969;0;2.632;8.601
PAX CORRETORA DE VALORES E CAMBIO LTDA.;6979363;n2;;I;2;FORTALEZA;CE;03/2006;0;0;0;0;0;0;0;0;0;0;0;0;0;0;0;0;4.952;4.952;0;3.622;8.574
COOPERATIVA DE CRÉDITO DA REGIÃO DE FRUTAL LTDA- SICOOB FRUTAL;71419600;b3S;;I;2;FRUTAL;MG;03/2006;2.496;0;0;39;1.381;3.915;0;0;0;0;0;0;0;16;3.931;0;1.648;5.579;0;2.955;8.534
COOPERATIVA DE CRÉDITO RURAL DE PAINS LTDA;64474059;b3S;;I;2;PAINS;MG;03/2006;573;0;0;0;3.868;4.441;0;0;0;0;0;0;0;0;4.441;0;1.813;6.253;0;2.271;8.524
BONCRED FINANCEIRA S.A.-CREDITO,FINANCIAMENTO E INVESTIMENTO;3468098;n1;;I;2;NOVO HAMBURGO;RS;03/2006;0;0;0;0;0;0;0;0;0;0;0;0;0;1.585;1.585;0;72;1.657;0;6.866;8.523
COOPERATIVA DE CREDITO RURAL SEARA - CREDISEARA;204963;b3S;;I;2;SEARA;SC;03/2006;827;0;0;4.258;0;5.085;0;0;0;0;0;0;0;724;5.809;0;887;6.697;0;1.819;8.516
CODEPE - CORRETORA DE VALORES S.A.;9512542;n2;;I;2;RECIFE;PE;03/2006;0;0;0;0;0;0;171;0;0;0;0;0;0;0;171;0;1.914;2.085;0;6.418;8.503
NOSSA TERRA COOPERATIVA DE CRÉDITO;49204605;b3S;;I;2;CAJATI;SP;03/2006;0;0;0;0;0;0;0;0;0;0;0;0;0;0;0;0;348;348;0;8.126;8.473
COOPERATIVA DE ECONOMIA E CRÉDITO MÚTUO DOS EMPREGADOS DA COMPANHIA BRASILEIRA DE ALUMÍNIO;54335401;b3S;;I;2;ALUMINIO;SP;03/2006;0;0;0;0;0;0;0;0;0;0;0;0;0;0;0;0;467;467;0;8.006;8.473
COOPERATIVA DE CRÉDITO DE IGUATAMA LTDA. - SICOOB CREDITAMA;26359745;b3S;;I;2;IGUATAMA;MG;03/2006;640;0;0;0;3.045;3.685;0;0;0;0;0;0;0;12;3.697;0;1.533;5.230;0;3.200;8.430
OUROMINAS DISTRIBUIDORA DE TÍTULOS E VALORES MOBILIÁRIOS LTDA;62187307;n2;;I;2;SAO PAULO;SP;03/2006;0;0;0;0;0;0;0;0;0;0;0;0;0;0;0;0;7.305;7.305;0;1.092;8.397
COOPERATIVA DE ECONOMIA E CRÉDITO MÚTUO DOS TRABALHADORES DA CIA. DE PROCESSAMENTO DE DADOS DO ESTADO DE SÃO PAULO - CREDIPRODESP;67915868;b3S;;I;2;TABOAO DA SERRA;SP;03/2006;0;0;0;0;0;0;0;0;0;0;0;0;0;0;0;0;1.084;1.084;0;7.300;8.384
KREDILIG S.A. - CRÉDITO, FINANCIAMENTO E INVESTIMENTO;6040559;n1;;I;2;FLORIANOPOLIS;SC;03/2006;0;0;0;0;0;0;0;0;0;0;0;1.770;1.770;0;1.770;0;550;2.320;0;6.061;8.381
MULTIPLA CORRETORA DE CAMBIO TITULOS E VALORES MOBILIARIOS LTDA.;5351887;n2;;I;2;FORTALEZA;CE;03/2006;0;0;0;0;0;0;0;0;0;0;0;0;0;0;0;0;1.951;1.951;0;6.413;8.364
COOPERATIVA DE CRÉDITO RURAL DA REGIÃO DE OURO PRETO DO OESTE  - OUROCREDI;2144899;b3S;;I;2;OURO PRETO DO OESTE;RO;03/2006;2.686;0;0;6;1.467;4.158;0;0;0;0;0;0;0;1.841;5.999;0;435;6.434;0;1.900;8.334
COOPERATIVA DE ECONOMIA E CRÉDITO MÚTUO DOS MÉDICOS E DEMAIS PROFISSIONAIS DA SAÚDE DE SANTA MARIA LTDA;2641032;b3S;;I;2;SANTA MARIA;RS;03/2006;1.042;0;0;5.701;0;6.743;0;0;0;0;0;0;0;0;6.743;0;267;7.010;0;1.281;8.291
LECCA CRÉDITO, FINANCIAMENTO E INVESTIMENTO S/A;7652226;n1;;I;2;RIO DE JANEIRO;RJ;03/2006;0;0;0;0;0;0;0;0;0;0;0;0;0;0;0;0;949;949;259;7.069;8.277
COOPERATIVA DE ECONOMIA E CREDITO MUTUO DOS EMPREGADOS DO GRUPO BAYER LTDA;73631483;b3S;;I;2;BELFORD ROXO;RJ;03/2006;0;0;0;1.764;0;1.764;0;0;0;0;0;0;0;0;1.764;0;604;2.369;0;5.892;8.261
COOPERATIVA DE CRÉDITO RURAL DOS AGROPECUARISTAS DE GOIÂNIA LTDA.;3730508;b3S;;I;2;GOIANIA;GO;03/2006;815;0;0;1.939;2.136;4.890;0;0;0;0;0;0;0;30;4.920;0;251;5.171;0;3.069;8.240
INTERCAM CORRETORA DE CÂMBIO LTDA.;34265629;n2;;I;2;SAO BERNARDO DO CAMPO;SP;03/2006;0;0;0;0;0;0;0;0;0;0;0;0;0;0;0;0;1.676;1.676;0;6.560;8.236
COOPERATIVA DE ECONOMIA E CRÉDITO MÚTUO DOS COMERCIANTES DE CONFECÇÕES PITANGUI LTDA.;4181542;b3S;;I;2;PITANGUI;MG;03/2006;881;0;0;0;5.506;6.387;0;0;0;0;0;0;0;0;6.387;0;255;6.642;0;1.584;8.227
COOPERATIVA DE ECONOMIA E CRÉDITO MÚTUO DOS  COMERCIANTES DE CONFECÇÕES DO VESTUÁRIO DE CATAGUASES LTDA.;2335109;b3S;;I;2;CATAGUASES;MG;03/2006;886;0;0;0;5.408;6.294;0;0;0;0;0;0;0;0;6.294;0;625;6.919;0;1.305;8.223
COOPERATIVA DE ECONOMIA E CRÉDITO MÚTUO DOS COMERCIANTES DE CONFECÇÃO DE PARACATU E REGIÃO NOROESTE DE MINAS GERAIS LTDA. - SICOOB CREDIPARNOR;698609;b3S;;I;2;PARACATU;MG;03/2006;1.691;0;0;2.107;4;3.801;0;0;0;0;0;0;0;0;3.801;0;942;4.744;0;3.461;8.205
SOCINAL- SOCIEDADE DE CRÉDITO AO MICROEMPREENDEDOR LTDA.;3881423;n1;;I;2;ARARUAMA;RJ;03/2006;0;0;0;0;0;0;0;0;0;0;0;0;0;899;899;0;793;1.692;0;6.470;8.162
COOPERATIVA DE CRÉDITO RURAL CONQUISTA LIMITADA - CREDIC;32655946;b3S;;I;2;VITORIA DA CONQUISTA;BA;03/2006;754;0;0;0;373;1.127;0;0;0;0;0;0;0;528;1.655;0;3.664;5.319;0;2.832;8.151
AMARIL FRANKLIN CORRETORA DE TÍTULOS E VALORES LTDA;17312661;n2;;I;2;BELO HORIZONTE;MG;03/2006;0;0;0;0;0;0;0;0;0;0;0;0;0;0;0;0;5.042;5.042;0;3.064;8.106
COOPERATIVA DE ECONOMIA E CRÉDITO MÚTUO DOS MÉDICOS E DEMAIS PROFISSIONAIS DE NÍVEL SUPERIOR DA SAÚDE DE SÃO JOSE DOS CAMPOS - UNICRED DE SÃO JOSÉ DOS CAMPOS;1989729;b3S;;I;2;SAO JOSE DOS CAMPOS;SP;03/2006;817;0;0;4.871;0;5.688;0;0;0;0;0;0;0;0;5.688;0;388;6.076;0;2.013;8.089
CENTRAL DAS COOPERATIVAS DE CREDITO DO ESTADO DO PARA - SICOOB CENTRAL AMAZONIA;83355818;b3C;;I;2;BELEM;PA;03/2006;0;0;0;0;626;626;0;0;0;0;0;0;0;0;626;0;4.316;4.942;0;3.133;8.075
COOPERATIVA DE ECONOMIA E CRÉDITO MÚTUO DOS MÉDICOS E DEMAIS PROFISSIONAIS DA SAÚDE DE NÍVEL SUPERIOR DE PETRÓPOLIS LTDA. - UNICRED PETRÓPOLIS.;72052004;b3S;;I;2;PETROPOLIS;RJ;03/2006;1.088;0;0;4.911;16;6.015;0;0;0;0;0;0;0;0;6.015;0;266;6.281;0;1.781;8.063
COOPERATIVA DE CRÉDITO RURAL DE LEOPOLDINA DE RESPONSABILIDADE LTDA;25405275;b3S;;I;2;LEOPOLDINA;MG;03/2006;2.031;0;0;0;4.081;6.112;0;0;0;0;0;0;0;7;6.119;0;613;6.732;0;1.312;8.043
COOPERATIVA DE CRÉDITO DE SANTA CRUZ DAS PALMEIRAS E REGIÃO;6910457;b3S;;I;2;SANTA CRUZ DAS PALMEIRAS;SP;03/2006;1.743;0;0;0;4.766;6.509;0;0;0;0;0;0;0;261;6.770;0;122;6.892;0;1.117;8.009
COOPERATIVA DE ECONOMIA E CREDITO MUTUO DOS MEDICOS E DEMAIS PROFISSIONAIS DA SAUDE DE CRUZ ALTA LTDA;73326449;b3S;;I;2;CRUZ ALTA;RS;03/2006;2.449;0;0;3.823;0;6.272;0;0;0;0;0;0;0;0;6.272;0;171;6.443;0;1.564;8.007
COOPERATIVA DE ECONOMIA E CRÉDITO MÚTUO DOS EMPREGADOS DO BANRISUL;92935741;b3S;;I;2;PORTO ALEGRE;RS;03/2006;0;0;0;1.117;0;1.117;0;0;0;0;0;0;0;0;1.117;0;586;1.703;0;6.294;7.997
COOPERATIVA DE CRÉDITO MÚTUO DOS EMPREGADOS DE EMPRESAS METALÚRGICAS DO ESTADO DE SÃO PAULO;44401800;b3S;;I;2;SAO BERNARDO DO CAMPO;SP;03/2006;0;0;0;0;0;0;0;0;0;0;0;0;0;0;0;0;403;403;0;7.594;7.996
COOPERATIVA DE ECONOMIA E CRÉDITO MÚTUO  DOS COMERCIANTES DE CONFECÇÕES DO VESTUÁRIO DE CARATINGA LTDA.;5158093;b3S;;I;2;CARATINGA;MG;03/2006;1.494;0;0;0;3.860;5.354;0;0;0;0;0;0;0;0;5.354;0;291;5.645;0;2.332;7.977
COOPERATIVA DE ECONOMIA E CRÉDITO MÚTUO DOS SERVIDORES PÚBLICOS FEDERAIS DE UBERLÂNDIA LTDA.;65308447;b3S;;I;2;UBERLANDIA;MG;03/2006;88;0;0;0;71;160;0;0;0;0;0;0;0;0;160;0;492;652;0;7.322;7.974
SCHRODER INVESTMENT MANAGEMENT BRASIL DISTRIBUIDORA DE TÍTULOS E VALORES MOBILIÁRIOS S.A.;92886662;n2;;I;3;SAO PAULO;SP;03/2006;0;0;0;0;0;0;0;0;0;0;0;0;0;0;0;0;3.028;3.028;0;4.898;7.926
COOPERATIVA DE CRÉDITO RURAL DE CÁSSIA LTDA - CREDICASSIA;22597264;b3S;;I;2;CASSIA;MG;03/2006;933;0;0;529;2.353;3.816;0;0;0;0;0;0;0;2.543;6.358;0;258;6.616;0;1.282;7.898
COOPERATIVA DE CREDITO RURAL COM INTERAÇÃO SOLIDÁRIA DE LUIS ALVES - CRE$OL LUÍS ALVES;4430100;b3S;;I;2;LUIZ ALVES;SC;03/2006;878;0;0;3.739;14;4.630;0;0;0;0;0;0;0;0;4.630;0;1.189;5.819;0;2.077;7.896
COOPERATIVA DE CRÉDITO RURAL DE SÃO JOÃO NEPOMUCENO LTDA;25677477;b3S;;I;2;SAO JOAO NEPOMUCENO;MG;03/2006;1.667;0;0;0;3.201;4.868;0;0;0;0;0;0;0;12;4.880;0;969;5.849;0;2.033;7.882
COOPERATIVA DE ECONOMIA E CRÉDITO MÚTUO DOS COLABORADORES DO GRUPO PITÁGORAS LTDA.;19523943;b3S;;I;2;BELO HORIZONTE;MG;03/2006;165;0;0;0;6.886;7.051;0;0;0;0;0;0;0;0;7.051;0;1.278;8.329;0;-451;7.878
COOPERATIVA DE ECONOMIA E CREDITO MUTUO DOS MICROS E PEQUENOS COMERCIANTES DE CONFECÇÕES DO VESTUARIO VALE ITAJAI-CONCREDI;2781986;b3S;;I;2;BLUMENAU;SC;03/2006;550;0;0;0;5.741;6.292;0;0;0;0;0;0;0;0;6.292;0;257;6.548;0;1.292;7.840
UNICRED PIAUI - COOPERATIVA DE ECONOMIA E CRÉDITO MÚTUO DOS  PROFISSIONAIS DA SAÚDE DAS REGIÕES CENTRO E NORTE PIAUÍ LTDA;3128973;b3S;;I;2;TERESINA;PI;03/2006;1.706;0;0;0;3.975;5.681;0;0;0;0;0;0;0;41;5.722;0;793;6.515;0;1.311;7.826
COOPERATIVA DE CRÉDITO RURAL DO CENTRO OESTE PAULISTA, SICOOB / CREDIPAULI;54213889;b3S;;I;2;MARILIA;SP;03/2006;815;0;0;20;4.028;4.864;0;0;0;0;0;0;0;1.316;6.180;0;160;6.339;0;1.467;7.806
CARAVELLO S.A-DISTRIBUIDORA DE TITULOS E VALORES MOBILIARIOS;33767039;n2;;I;2;RIO DE JANEIRO;RJ;03/2006;0;0;0;0;0;0;0;0;0;0;0;0;0;0;0;0;6.584;6.584;0;1.218;7.802
HERVAL FINANCEIRA S/A - CRÉDITO, FINANCIAMENTO E INVESTIMENTO;7512441;n1;;I;2;DOIS IRMAOS;RS;03/2006;0;0;0;0;0;0;0;0;0;0;0;1.858;1.858;0;1.858;0;100;1.958;0;5.843;7.801
COOPERATIVA DE CREDITO RURAL DO PLANALTO CATARINENSE SICOOB/SC - PAPANDUVA;1389651;b3S;;I;2;PAPANDUVA;SC;03/2006;638;0;0;21;2.007;2.665;0;0;0;0;0;0;0;3.807;6.473;0;349;6.822;0;953;7.774
CREDI-RB-COOPERATIVA DE CREDITO RURAL DE RIO BONITO LTDA;86927324;b3S;;I;2;RIO BONITO;RJ;03/2006;2.866;0;0;0;1.508;4.374;0;0;0;0;0;0;0;3.222;7.597;0;188;7.785;0;-13;7.772
COOPERATIVA DE CREDITO DE BOM SUCESSO LTDA. - SICOOB CREDISUCESSO;42887133;b3S;;I;2;BOM SUCESSO;MG;03/2006;988;0;0;0;2.502;3.489;0;0;0;0;0;0;0;1.763;5.252;0;746;5.998;0;1.774;7.772
COOPERATIVA DE ECONOMIA E CREDITO MUTUO DOS MEDICOS E DEMAIS PROFISSIONAIS DA SAUDE DA FRONTEIRA OESTE LTDA;4724403;b3S;;I;2;URUGUAIANA;RS;03/2006;4.916;0;0;1.393;0;6.308;0;0;0;0;0;0;0;0;6.308;0;163;6.471;0;1.273;7.745
FORTBRASIL SOCIEDADE DE CREDITO AO MICROEMPREENDEDOR LTDA.;4639283;n1;;I;2;FORTALEZA;CE;03/2006;0;0;0;0;0;0;0;0;0;0;0;0;0;2.968;2.968;0;192;3.160;0;4.584;7.744
COOPERATIVA DE ECONOMIA E CRÉDITO MÚTUO DOS COMERCIANTES DE CONFECÇÕES DO VESTUÁRIO DO CENTRO NORDESTE MINEIRO LTDA;2173447;b3S;;I;2;GUANHAES;MG;03/2006;1.977;0;0;5;4.262;6.243;0;0;0;0;0;0;0;0;6.243;0;347;6.591;0;1.147;7.738
COOPERATIVA DE ECONOMIA E CRÉDITO MÚTUO DOS FUNCIONÁRIOS DO SISTEMA ESTADUAL DA AGRICULTURA DO ESTADO DE SANTA CATARINA NA GRANDE FLORIANÓPOLIS;4426939;b3S;;I;2;FLORIANOPOLIS;SC;03/2006;4.040;0;0;0;3.117;7.157;0;0;0;0;0;0;0;0;7.157;0;83;7.240;0;483;7.723
COOPERATIVA DE CREDITO DE RAUL SOARES LTDA - SICOOB CREDIRAS;1060307;b3S;;I;2;RAUL SOARES;MG;03/2006;1.898;0;0;0;3.033;4.931;0;0;0;0;0;0;0;609;5.540;0;1.336;6.876;0;845;7.721
COOPERATIVA DE ECONOMIA E CRÉDITO MÚTUO DOS MÉDICOS E DEMAIS PROFISSIONAIS DA SAÚDE DE TEÓFILO OTONI LTDA.;1709266;b3S;;I;2;TEOFILO OTONI;MG;03/2006;361;0;0;4.153;11;4.525;0;0;0;0;0;0;0;0;4.525;0;825;5.350;0;2.352;7.702
COOPERATIVA DE ECONOMIA E CRÉDITO MÚTUO DOS COMERCIANTES DE  CONFECÇÕES DO MÉDIO PIRACICABA LTDA;1644264;b3S;;I;2;JOAO MONLEVADE;MG;03/2006;1.378;0;0;125;4.175;5.678;0;0;0;0;0;0;0;0;5.678;0;569;6.247;0;1.422;7.668
COOPERATIVA DE CRÉDITO RURAL DE CURVELO LTDA - SICOOB CREDICENTRO;21682737;b3S;;I;2;CURVELO;MG;03/2006;2.011;0;0;8;4.054;6.072;0;0;0;0;0;0;0;1;6.074;0;961;7.035;0;630;7.664
COOPERATIVA DE CREDITO MUTUO DOS SERVIDORES PUBLICOS DE DOIS VIZINHOS;1480754;b3S;;I;2;DOIS VIZINHOS;PR;03/2006;1.388;0;0;0;4.310;5.697;0;0;0;0;0;0;0;225;5.923;0;408;6.331;0;1.311;7.643
CREDSEF - COOPERATIVA DE ECONOMIA E CRÉDITO MÚTUO DOS SERVIDORES DA SECRETARIA DE FAZENDA DO DISTRITO FEDERAL;3603683;b3S;;I;2;BRASILIA;DF;03/2006;61;0;0;2.294;1.913;4.269;0;0;0;0;0;0;0;0;4.269;0;572;4.841;0;2.782;7.623
COOPERATIVA DE ECONOMIA E CRÉDITO MÚTUO DOS COMERCIANTES E REVENDEDORES DE COMBUSTÍVEIS E LUBRIFICANTES DE MARINGÁ E REGIÃO-SICOOB ARCOMAR;5522136;b3S;;I;2;MARINGA;PR;03/2006;2.604;0;0;704;3.262;6.569;0;0;0;0;0;0;0;192;6.762;0;370;7.132;0;470;7.602
JURISCOOPE - COOPERATIVA DE ECONOMIA E CRÉDITO MÚTUO DOS MAGISTRADOS, MEMBROS DO MINISTÉRIO PÚBLICO, PROCURADORES E DEFENSORES PÚBLICOS, SEUS SERVIDORES E SERVIDORES DO JUDICIÁRIO EM PERNAMBUC0;4334337;b3S;;I;2;RECIFE;PE;03/2006;492;0;0;2.696;516;3.703;0;0;0;0;0;0;0;1.946;5.649;0;120;5.769;0;1.808;7.577
COOPERATIVA DE CRÉDITO RURAL DO VALE DO JEQUITINHONHA LTDA - SICOOB NOSSACREDIAL;1285935;b3S;;I;2;ALMENARA;MG;03/2006;1.955;0;0;0;1.745;3.699;0;0;0;0;0;0;0;0;3.699;0;1.828;5.527;0;2.030;7.557
COOPERATIVA DE ECONOMIA E CREDITO MUTUO DOS SERVIDORES UNIVERSIDADE FEDERAL DO ESPIRITO SANTO - CRED-UFES;27302181;b3S;;I;2;VITORIA;ES;03/2006;68;0;0;2.398;0;2.466;0;0;0;0;0;0;0;350;2.816;0;862;3.678;0;3.845;7.523
COOPERATIVA DE ECONOMIA E CRÉDITO MÚTUO DOS FUNCIONÁRIOS DA TETRA PAK;67341487;b3S;;I;2;MONTE MOR;SP;03/2006;0;0;0;0;0;0;0;0;0;0;0;0;0;0;0;0;532;532;0;6.988;7.520
UNICRED MACAE/RJ - COOPERATIVA DE ECONOMIA E CREDITO MUTUO DOS  MEDICOS E DEMAIS PROFISSIONAIS DA SAUDE DE MACAE LTDA;39231527;b3S;;I;2;MACAE;RJ;03/2006;1.944;0;0;2.828;26;4.797;0;0;0;0;0;0;0;0;4.797;0;565;5.362;0;2.144;7.507
COOPERATIVA DE ECONOMIA E CREDITO MUTUO DOS PROFISSIONAIS DA AREA DE SAUDE DE FRANCISCO BELTRAO;2412022;b3S;;I;2;FRANCISCO BELTRAO;PR;03/2006;666;0;0;5.219;0;5.885;0;0;0;0;0;0;0;0;5.885;0;219;6.104;0;1.397;7.501
COOPERATIVA DE CRÉDITO MÚTUO DOS POLICIAIS FEDERAIS EM ALAGOAS  - FEDERALCRED;2493000;b3S;;I;2;MACEIO;AL;03/2006;166;0;0;3.891;0;4.058;0;0;0;0;0;0;0;207;4.265;0;205;4.471;0;3.009;7.479
UNICRED-CAMPOS CECM MEDICOS DEMAIS P.DE SAUDE DE CAMPOS LTDA;4445917;b3S;;I;2;CAMPOS DOS GOYTACAZES;RJ;03/2006;1.763;0;0;4.415;27;6.205;0;0;0;0;0;0;0;0;6.205;0;213;6.418;0;1.049;7.467
COOPERATIVA DE ECONOMIA E CREDITO MUTUO DOS MEDICOS E DEMAIS PROFISSIONAIS DA SAUDE DA REGIÃO DA PRODUCAO LTDA- UNICRED REGIÃO DA PRODUÇÃO;1151839;b3S;;I;2;CARAZINHO;RS;03/2006;5.491;0;0;0;0;5.491;0;0;0;0;0;0;0;0;5.491;0;321;5.812;0;1.651;7.463
COOPERATIVA DE ECONOMIA E CRÉDITO MÚTUO DOS FUNCIONÁRIOS DA FUNDACAO ZERBINI - COOPINCOR;1997612;b3S;;I;2;SAO PAULO;SP;03/2006;0;0;0;0;0;0;0;0;0;0;0;0;0;0;0;0;603;603;0;6.857;7.460
COOPERATIVA DE CRÉDITO RURAL DE JARU LTDA.;4685303;b3S;;I;2;JARU;RO;03/2006;1.001;0;0;3.005;0;4.006;0;0;0;0;0;0;0;0;4.006;0;750;4.756;0;2.702;7.458
COOPERATIVA DE ECONOMIA E CRÉDITO MÚTUO DOS FUNCIONÁRIOS DO CONGLOMERADO BATTISTELLA;67087569;b3S;;I;2;SAO PAULO;SP;03/2006;0;0;0;0;0;0;0;0;0;0;0;0;0;0;0;0;285;285;0;7.161;7.445
COOPERATIVA DE CRÉDITO RURAL DE ESMERALDAS LTDA - SICOOB CREDIESMERALDAS;68512748;b3S;;I;2;ESMERALDAS;MG;03/2006;1.184;0;0;27;2.610;3.820;0;0;0;0;0;0;0;13;3.833;0;1.581;5.414;0;2.004;7.418
COOPERATIVA DE CRÉDITO MÚTUO DOS EMPRESÁRIOS DO SETOR INDUSTRIAL ASSOCIADOS AO CIESP DA ALTA MOGIANA - SICREDI CIESP ALTA MOGIANA;6970227;b3S;;I;2;SERTAOZINHO;SP;03/2006;1.208;0;0;1;4.774;5.984;0;0;0;0;0;0;0;20;6.004;0;250;6.254;0;1.164;7.418
COOPERATIVA DE CRÉDITO DOS MÉDICOS E DEMAIS PROFISSIONAIS DA SAÚDE DE VITÓRIA DA CONQUISTA;2833202;b3S;;I;2;VITORIA DA CONQUISTA;BA;03/2006;1.461;0;0;4.464;0;5.925;0;0;0;0;0;0;0;0;5.925;0;422;6.347;0;1.051;7.398
JBCRED SOCIEDADE DE CREDITO AO MICROEMPREENDEDOR LTDA;4230630;n1;;I;2;SAO PAULO;SP;03/2006;0;0;0;0;0;0;0;0;0;0;0;0;0;539;539;0;1.738;2.278;0;5.072;7.349
CENTRAL DAS COOPERATIVAS DE CRÉDITO DO NORDESTE - SICOOB CENTRAL NE;70116611;b3C;;I;2;JOAO PESSOA;PB;03/2006;0;0;0;0;0;0;0;0;0;0;0;0;0;0;0;0;5.639;5.639;0;1.707;7.346
COOPERATIVA DE ECONOMIA E CRÉDITO MÚTUO DOS FUNCIONÁRIOS DO GRUPO OWENS-ILLINOIS DO BRASIL;43182278;b3S;;I;2;SAO PAULO;SP;03/2006;0;0;0;0;0;0;0;0;0;0;0;0;0;0;0;0;52;52;0;7.254;7.306
GUILTON S.A.-CREDITO FINANCIAMENTO E INVESTIMENTO;96234646;n1;;I;2;AMERICANA;SP;03/2006;0;0;0;0;0;0;0;0;0;0;0;0;0;0;0;0;288;288;0;7.010;7.298
COOPERATIVA DE ECONOMIA E CRÉDITO MÚTUO DA ALIANÇA DOS MÉDICOS E DEMAIS PROFISSIONAIS DA ÁREA DE SAÚDE DA REGIÃO NOROESTE PAULISTA - GRANCRED NOROESTE PAULISTA;3149086;b3S;;I;2;VOTUPORANGA;SP;03/2006;1.026;0;0;4.814;0;5.839;0;0;0;0;0;0;0;0;5.839;0;279;6.119;0;1.160;7.279
COOPERATIVA DE ECONOMIA E CRÉDITO MÚTUO DOS EMPREGADOS DA EMBRAPA LTDA. - SICOOB CREDIEMBRAPA;2338666;b3S;;I;2;BRASILIA;DF;03/2006;579;0;0;0;3.926;4.505;0;0;0;0;0;0;0;211;4.716;0;170;4.886;0;2.372;7.258
COOPERATIVA DE ECONOMIA E CRÉDITO MÚTUO DOS SERVIDORES MUNICIPAIS DA PREFEITURA DE BELO HORIZONTE LTDA. - SICOOB CREDISERVBH;1864151;b3S;;I;2;BELO HORIZONTE;MG;03/2006;69;0;0;0;1.667;1.736;0;0;0;0;0;0;0;1.232;2.968;0;358;3.326;0;3.881;7.207
COOPERATIVA DE CRÉDITO RURAL DE ANÁPOLIS LTDA;33615055;b3S;;I;2;ANAPOLIS;GO;03/2006;1.808;0;0;261;1.706;3.774;0;0;0;0;0;0;0;17;3.791;0;525;4.316;0;2.854;7.170
COOPERATIVA DE ECONOMIA E CREDITO MUTUO DOS MEDICOS E DEMAIS PROFISSIONAIS DA SAUDE DO LITORAL SUL LTDA - UNICRED LITORAL SUL-RS.;1823689;b3S;;I;2;RIO GRANDE;RS;03/2006;918;0;0;4.624;0;5.542;0;0;0;0;0;0;0;0;5.542;0;256;5.798;0;1.343;7.141
COOPERATIVA DE CRÉDITO DE ARCOS LTDA. - SICOOB CREDIARCOS;26072728;b3S;;I;2;ARCOS;MG;03/2006;742;0;0;0;3.537;4.279;0;0;0;0;0;0;0;4;4.283;0;868;5.151;0;1.965;7.116
COOPERATIVA DE CRÉDITO RURAL DE ALTA FLORESTA D'OESTE LTDA;4979202;b3S;;I;2;ALTA FLORESTA D'OESTE;RO;03/2006;2.727;0;0;0;0;2.727;0;0;0;0;0;0;0;0;2.727;0;1.167;3.895;0;3.169;7.064
COOPERATIVA DE CRÉDITO MÚTUO DOS PROFISSIONAIS DA SAÚDE DE ASSIS E REGIÃO;3112504;b3S;;I;2;ASSIS;SP;03/2006;1.938;0;0;4.239;6;6.183;0;0;0;0;0;0;0;30;6.213;0;200;6.414;0;644;7.058
COOPERATIVA DE ECONOMIA E CRÉDITO MÚTUO DOS MÉDICOS E PROFISSIONAIS DE SAÚDE DO OESTE POTIGUAR - UNICRED MOSSORÓ;70027388;b3S;;I;2;MOSSORO;RN;03/2006;974;0;0;0;3.141;4.116;0;0;0;0;0;0;0;0;4.116;0;435;4.551;0;2.414;6.965
COOPERATIVA DE CRÉDITO RURAL DOS PLANTADORES DE CANA DE ALAGOAS;12272183;b3S;;I;2;MACEIO;AL;03/2006;486;0;0;0;0;486;0;0;0;0;0;0;0;4.211;4.698;0;298;4.995;0;1.956;6.951
COOPERATIVA DE ECONOMIA E CREDITO MUTUO DOS INTEGRANTES DA BRIGADA MILITAR DO RIO GRANDE DO SUL;3212823;b3S;;I;2;PORTO ALEGRE;RS;03/2006;629;0;0;809;3.929;5.367;0;0;0;0;0;0;0;23;5.390;0;231;5.622;0;1.306;6.928
COOPERATIVA DE ECONOMIA E CRÉDITO MÚTUO DOS MÉDICOS E DEMAIS PROFISSIONAIS DA SAÚDE DE PINDAMONHANGABA - UNICRED DE PINDAMONHANGABA;969423;b3S;;I;2;PINDAMONHANGABA;SP;03/2006;657;0;0;4.483;0;5.140;0;0;0;0;0;0;0;0;5.140;0;311;5.451;0;1.464;6.915
COOPERATIVA DE CRÉDITO RURAL DE ITAPORÃ;26408112;b3S;;I;2;ITAPORA;MS;03/2006;1.017;0;0;0;2.804;3.821;0;0;0;0;0;0;0;725;4.545;0;941;5.486;0;1.398;6.884
COOPERATIVA DE ECONOMIA E CRÉDITO MÚTUO DOS COMERCIANTES DE CONFECÇÕES DE UBERLÂNDIA LTDA.;4063435;b3S;;I;2;UBERLANDIA;MG;03/2006;1.130;0;0;0;4.451;5.581;0;0;0;0;0;0;0;0;5.581;0;150;5.731;0;1.151;6.882
COOPERATIVA DE ECONOMIA E CRÉDITO MÚTUO DOS MÉDICOS E DEMAIS PROFISSIONAIS DE NÍVEL SUPERIOR DA ÁREA DE SAÚDE DO VALE DO SÃO FRANCISCO LTDA.;4237413;b3S;;I;2;PETROLINA;PE;03/2006;1.173;0;0;1.135;2.337;4.645;0;0;0;0;0;0;0;0;4.645;0;255;4.901;0;1.964;6.864
COOPERATIVA DE ECONOMIA E CRÉDITO MÚTUO DOS SERVIDORES MILITARES, POLÍCIA CIVIL E DA SECRETARIA DA EDUCAÇÃO DO ESTADO DE MINAS GERAIS LTDA. - SICOOB COOPEMG;3269540;b3S;;I;2;BELO HORIZONTE;MG;03/2006;177;0;0;0;2.078;2.255;0;0;0;0;0;0;0;17;2.272;0;583;2.855;0;4.009;6.864
COOPERATIVA DE CRÉDITO RURAL DO VALE DO ITAPICURU LTDA;3921543;b3S;;I;2;SANTALUZ;BA;03/2006;679;0;0;0;3.701;4.380;0;0;0;0;0;0;0;1.262;5.643;0;151;5.793;0;1.066;6.860
COOPERATIVA DE ECONOMIA E CRÉDITO MÚTUO DOS PETROLEIROS NO ESTADO DE MINAS GERAIS LTDA. - COPETRO;26758433;b3S;;I;2;BELO HORIZONTE;MG;03/2006;0;0;0;0;0;0;0;0;0;0;0;0;0;0;0;0;335;335;0;6.465;6.800
COOPERATIVA DE ECONOMIA E CRÉDITO MÚTUO DOS COMERCIANTES DE CONFECÇÕES DO VESTUÁRIO DAS TERRAS ALTAS DA MANTIQUEIRA LTDA.;2753207;b3S;;I;2;PASSA QUATRO;MG;03/2006;1.263;0;0;921;3.469;5.653;0;0;0;0;0;0;0;0;5.653;0;209;5.861;0;838;6.699
CREBEL - COOPERATIVA DE ECONOMIA E CRÉDITO MÚTUO DOS COLABORADORES DAS EMPRESAS BELGO BEKAERT - CREBEL LTDA.;23241540;b3S;;I;2;CONTAGEM;MG;03/2006;0;0;0;0;0;0;0;0;0;0;0;0;0;0;0;0;138;138;0;6.540;6.678
COOPERATIVA DE ECONOMIA E CREDITO MUTUO DOS EMPREGADOS DO GRUPO CVRD E ENTIDADES VINCULADAS LTDA.;33924028;b3S;;I;2;RIO DE JANEIRO;RJ;03/2006;5;0;0;0;2.846;2.850;0;0;0;0;0;0;0;0;2.850;0;1.069;3.919;0;2.752;6.671
COOPERATIVA DE CRÉDITO RURAL DE CAMPOS GERAIS E CAMPOS DO MEIO LTDA - SICOOB CREDCAM;71146450;b3S;;I;2;CAMPOS GERAIS;MG;03/2006;754;0;0;0;2.428;3.182;0;0;0;0;0;0;0;1;3.183;0;1.931;5.114;0;1.552;6.666
COOPERATIVA DE CRÉDITO RURAL DE PARAÍSO DO TOCANTINS LTDA;26960328;b3S;;I;2;PARAISO DO NORTE DO TOCANTINS;TO;03/2006;1.287;0;0;0;1.041;2.328;0;0;0;0;0;0;0;452;2.779;0;903;3.682;0;2.946;6.628
COOPERATIVA DE CRÉDITO RURAL DE LUZ LTDA;25536764;b3S;;I;2;LUZ;MG;03/2006;957;0;0;0;2.801;3.758;0;0;0;0;0;0;0;0;3.758;0;814;4.572;0;2.049;6.621
COOPERATIVA DE CREDITO DE SAO GONÇALO DO PARA LTDA - SICOOB CREDISAOGONÇALO;41683228;b3S;;I;2;SAO GONCALO DO PARA;MG;03/2006;1.355;0;0;0;3.154;4.509;0;0;0;0;0;0;0;0;4.509;0;450;4.959;0;1.636;6.595
COOPERATIVA DE CRÉDITO MÚTUO DOS SERVIDORES DO MINISTERIO DA EDUCAÇÃO EM SÃO PAULO - COOPEMESP;73092827;b3S;;I;2;SAO PAULO;SP;03/2006;110;0;0;605;2;717;0;0;0;0;0;0;0;0;717;0;314;1.031;0;5.562;6.593
COOPERATIVA DE CRÉDITO RURAL DE RUBIATABA LTDA;73422792;b3S;;I;2;RUBIATABA;GO;03/2006;987;0;0;0;1.093;2.080;0;0;0;0;0;0;0;270;2.350;0;383;2.733;0;3.831;6.564
COOPERATIVA DE CRÉDITO RURAL DE SACRAMENTO LTDA - SICOOB CREDICOASA;71154256;b3S;;I;2;SACRAMENTO;MG;03/2006;765;0;0;0;3.221;3.986;0;0;0;0;0;0;0;0;3.986;0;984;4.970;0;1.586;6.556
SICOOB CREDIMONTES - COOPERATIVA DE ECONOMIA E CRÉDITO MÚTUO DOS COMERCIANTES DE CONFECÇÕES DE MONTES CLAROS LTDA.;2031139;b3S;;I;2;MONTES CLAROS;MG;03/2006;1.930;0;0;0;2.160;4.090;0;0;0;0;0;0;0;0;4.090;0;235;4.325;0;2.225;6.550
COOPERATIVA DE CRÉDITO MÚTUO DOS PEQUENOS EMPRESÁRIOS, MICROEMPRESÁRIOS E MICROEMPREENDEDORES DE APUCARANA - SICOOB APUCARANA;6174009;b3S;;I;2;APUCARANA;PR;03/2006;1.347;0;0;0;3.776;5.123;0;0;0;0;0;0;0;41;5.164;0;192;5.355;0;1.178;6.534
COOPERATIVA DE ECONOMIA E CREDITO MUTUO DOS MEDICOS E DEMAIS PROFISSIONAIS DA  SAUDE DA REGIAO DA FRONTEIRA LTDA- UNICRED REGIÃO DA FRONTEIRA;1705236;b3S;;I;2;SANTANA DO LIVRAMENTO;RS;03/2006;600;0;0;3.804;0;4.404;0;0;0;0;0;0;0;0;4.404;0;342;4.746;0;1.754;6.500
COOPERATIVA DE ECONOMIA E CREDITO MUTUO DOS EMPREGADOS DAS EMPRESAS VINCULADAS A EXPLORAÇAO DE ENERGIA ELETRICA DO ESTADO DE MATO GROSSO - COOPERCEM;2348455;b3S;;I;2;CUIABA;MT;03/2006;5.523;0;0;204;3;5.730;0;0;0;0;0;0;0;157;5.886;0;4.312;10.199;0;-3.700;6.499
COOPERATIVA DE CRÉDITO RURAL DOS PLANTADORES DE CANA DA ZONA DA MATA LTDA, - COPERCREDI;23806219;b3S;;I;2;PONTE NOVA;MG;03/2006;1.824;0;0;5;2.979;4.808;0;0;0;0;0;0;0;7;4.815;0;352;5.167;0;1.328;6.495
COOPERATIVA DE ECONOMIA E CRÉDITO MÚTUO DOS SERVIDORES MUNICIPAIS DE SÃO JOÃO DA BOA VISTA - CREDIVISTA;74248949;b3S;;I;2;SAO JOAO DA BOA VISTA;SP;03/2006;549;0;0;0;3.548;4.097;0;0;0;0;0;0;0;0;4.097;0;639;4.736;0;1.754;6.490
COOPERATIVA DE ECONOMIA E CRÉDITO MÚTUO DOS INTEGRANTES DO MINISTÉRIO PÚBLICO, DA DEFENSORIA PÚBLICA, E DA PROCURADORIA GERAL DO ESTADO DE MATO GROSSO;4363224;b3S;;I;2;CUIABA;MT;03/2006;503;0;0;20;5.119;5.642;0;0;0;0;0;0;0;21;5.664;0;97;5.761;0;713;6.474
COOPERATIVA DE CRÉDITO RURAL DE PIMENTA LTDA;42934794;b3S;;I;2;PIMENTA;MG;03/2006;1.087;0;0;0;1.709;2.796;0;0;0;0;0;0;0;1.324;4.120;0;383;4.503;0;1.969;6.472
COOPERATIVA DE ECONOMIA E CRÉDITO MÚTUO DOS CORRETORES  E DEMAIS TÉCNICOS DE SEGUROS DO ESTADO DE SANTA CATARINA - CREDICOR - SC;2295034;b3S;;I;2;BLUMENAU;SC;03/2006;712;0;0;4.508;14;5.234;0;0;0;0;0;0;0;0;5.234;0;295;5.530;0;924;6.454
COOPERATIVA DE ECONOMIA E CRÉDITO MÚTUO DOS COMERCIANTES DE CONFECÇÕES DO VESTUÁRIO DE TIMÓTEO LTDA.;2461825;b3S;;I;2;TIMOTEO;MG;03/2006;733;0;0;0;4.128;4.861;0;0;0;0;0;0;0;0;4.861;0;324;5.185;0;1.251;6.437
COOPERATIVA DE ECONOMIA E CRÉDITO MÚTUO DOS EMPREGADOS DA CONFAB;59305565;b3S;;I;2;PINDAMONHANGABA;SP;03/2006;0;0;0;0;0;0;0;0;0;0;0;0;0;0;0;0;360;360;0;6.056;6.416
COOPERATIVA DE CRÉDITO RURAL DE ROLIM DE MOURA LTDA.;3985375;b3S;;I;2;ROLIM DE MOURA;RO;03/2006;731;0;0;3.293;0;4.024;0;0;0;0;0;0;0;0;4.024;0;250;4.274;0;2.134;6.408
COOPERATIVA DE CREDITO RURAL HORIZONTES NOVOS DE CANGUCU - CREHNOR SUL;5132104;b3S;;I;2;CANGUCU;RS;03/2006;2.207;0;0;1.262;1;3.469;0;0;0;0;0;0;0;0;3.469;0;167;3.637;0;2.767;6.404
COOPERATIVA DE CREDITO RURAL DE MARTINHO CAMPOS LTDA - SICOOB CREDIMAC;64480833;b3S;;I;2;MARTINHO CAMPOS;MG;03/2006;727;0;0;0;2.537;3.264;0;0;0;0;0;0;0;11;3.275;0;1.116;4.391;0;1.985;6.376
RIO BRAVO INVESTIMENTOS S.A. DISTRIBUIDORA DE TÍTULOS E VALORES MOBILIÁRIOS;72600026;n2;;I;2;SAO PAULO;SP;03/2006;0;0;0;0;0;0;0;0;0;0;0;0;0;0;0;0;1.297;1.297;0;5.061;6.358
COOPERATIVA REGIONAL DE CREDITO RURAL DO VALE DO RIO GRANDE LTDA - SICOOB CREDICOPERVALE;25683475;b3S;;I;2;UBERABA;MG;03/2006;1.414;0;0;0;1.411;2.825;0;0;0;0;0;0;0;517;3.341;0;1.203;4.545;0;1.798;6.343
COOPERATIVA DE ECONOMIA E CRÉDITO MÚTUO DOS COMERCIANTES DE CONFECÇÕES DE LAGOA DA PRATA LTDA.;1739375;b3S;;I;2;LAGOA DA PRATA;MG;03/2006;792;0;0;185;4.209;5.186;0;0;0;0;0;0;0;0;5.186;0;188;5.374;0;968;6.342
COOPERATIVA DE ECONOMIA E CRÉDITO MÚTUO DOS BANCÁRIOS DE GOIÂNIA LTDA;97360804;b3S;;I;2;GOIANIA;GO;03/2006;671;0;0;1.356;153;2.181;0;0;0;0;0;0;0;205;2.385;0;217;2.603;0;3.716;6.319
COOPERATIVA DE ECONOMIA E CRÉDITO MÚTUO DOS MÉDICOS E PROFISSIONAIS DA ÁREA DA SAÚDE DE POUSO ALEGRE LTDA.;4303054;b3S;;I;2;POUSO ALEGRE;MG;03/2006;788;0;0;4.560;5;5.353;0;0;0;0;0;0;0;0;5.353;0;140;5.492;0;792;6.285
COOPERATIVA DE CRÉDITO DE SERVIDORES PÚBLICOS E TRABALHADORES DA REDE DE ENSINO DA REGIÃO E COLAR METROPOLITANO DO VALE DO AÇO LTDA. - SICOOB COSMIPA;17361536;b3S;;I;2;IPATINGA;MG;03/2006;365;0;0;0;408;774;0;0;0;0;0;0;0;0;774;0;520;1.294;0;4.979;6.273
COOPERATIVA DE ECONOMIA E CRÉDITO MÚTUO DOS FUNCIONÁRIOS DO GRUPO SÃO MARTINHO - USICRED;2562412;b3S;;I;2;PRADOPOLIS;SP;03/2006;0;0;0;0;0;0;0;0;0;0;0;0;0;0;0;0;249;249;0;6.006;6.254
MULTI COMMERCIAL BANK DISTRIBUIDORA DE TÍTULOS E VALORES MOBILIÁRIOS LTDA;5389174;n2;;I;2;SAO PAULO;SP;03/2006;0;0;0;0;723;723;0;0;0;0;0;0;0;0;723;0;516;1.239;0;5.000;6.239
CECM DOS MEDICOS E DEMAIS PROFISSIONAIS DA ÁREA DA SAUDE DO VALE DO CAI LTDA;1077901;b3S;;I;2;MONTENEGRO;RS;03/2006;627;0;0;4.383;0;5.010;0;0;0;0;0;0;0;0;5.010;0;174;5.184;0;1.042;6.226
COOPERATIVA DE ECONOMIA E CREDITO MUTUO DOS FUNCIONARIOS DO SISTEMA FIESC;2405189;b3S;;I;2;FLORIANOPOLIS;SC;03/2006;932;0;0;0;4.527;5.459;0;0;0;0;0;0;0;0;5.459;0;150;5.609;0;616;6.225
COOPERATIVA DE CREDITO RURAL DE CACADOR-SICOOB/SC- CAÇADOR;86791837;b3S;;I;2;CACADOR;SC;03/2006;768;0;0;0;1.767;2.535;0;0;0;0;0;0;0;2.564;5.098;0;153;5.251;0;935;6.186
COOPERATIVA DE ECONOMIA E CRÉDITO MÚTUO DOS MÉDICOS E  DEMAIS PROFISSIONAIS DE NÍVEL SUPERIOR DA SAÚDE DE PIRACICABA;5309949;b3S;;I;2;PIRACICABA;SP;03/2006;253;0;0;4.928;0;5.181;0;0;0;0;0;0;0;0;5.181;0;107;5.288;0;862;6.150
COOPERATIVA DE CRÉDITO RURAL DE VAZANTE LTDA. - SICOOB CREDIVAZ;803287;b3S;;I;2;VAZANTE;MG;03/2006;882;0;0;0;2.344;3.226;0;0;0;0;0;0;0;9;3.235;0;1.152;4.387;0;1.725;6.112
COOPERATIVA DE CRÉDITO DE CARMO DO RIO CLARO LTDA. - SICOOB CREDICARMO;25743311;b3S;;I;2;CARMO DO RIO CLARO;MG;03/2006;802;0;0;0;1.986;2.788;0;0;0;0;0;0;0;796;3.584;0;695;4.279;0;1.787;6.066
COOPERATIVA DE ECONOMIA E CRÉDITO MÚTUO DA ALIANÇA DOS  MÉDICOS E DEMAIS PROFISSIONAIS DA ÁREA DA SAÚDE DE AVARÉ - ALCRED AVARÉ;1478780;b3S;;I;2;AVARE;SP;03/2006;178;0;0;995;0;1.172;0;0;0;0;0;0;0;5.146;6.318;0;68;6.386;0;-349;6.037
COOPERATIVA DE CRÉDITO MÚTUO DOS POLICIAIS FEDERAIS NO CEARÁ - FEDERALCRED;3620772;b3S;;I;2;FORTALEZA;CE;03/2006;437;0;0;1.929;0;2.366;0;0;0;0;0;0;0;237;2.603;0;395;2.999;0;3.002;6.001
COOPERATIVA DE ECONOMIA E CRÉDITO MÚTUO DOS FUNCIONÁRIOS DO ATACADÃO;52046299;b3S;;I;2;SAO PAULO;SP;03/2006;0;0;0;0;0;0;0;0;0;0;0;0;0;0;0;0;390;390;0;5.602;5.992
AGENCIA DE FOMENTO DO ESTADO DE RORAIMA S.A. - AFERR;3058464;n1;;I;1;BOA VISTA;RR;03/2006;0;0;0;0;0;0;0;0;0;0;0;0;0;0;0;0;790;790;0;5.201;5.991
COOPERATIVA DE CRÉDITO DOS FORNECEDORES DE CANA DE BARRA BONITA E REGIÃO;44746352;b3S;;I;2;BARRA BONITA;SP;03/2006;168;0;0;0;288;456;0;0;0;0;0;0;0;0;456;0;595;1.051;39;4.892;5.982
COOPERATIVA DE ECONOMIA E CRÉDITO MÚTUO DOS COLABORADORES DO GRUPO SAINT GOBAIN;61039038;b3S;;I;2;SAO PAULO;SP;03/2006;0;0;0;0;0;0;0;0;0;0;0;0;0;0;0;0;321;321;0;5.648;5.969
COOPERATIVA DE ECONOMIA E CRÉDITO MÚTUO DOS FUNCIONÁRIOS DA GERDAU S.A. - UNIDADE PINDAMONHANGABA;60219045;b3S;;I;2;PINDAMONHANGABA;SP;03/2006;0;0;0;0;0;0;0;0;0;0;0;0;0;0;0;0;105;105;0;5.857;5.963
COOPERATIVA DE ECONOMIA E CRÉDITO MÚTUO DOS COMERCIANTES DE CONFECÇÕES DE GOIÂNIA LTDA.;4406371;b3S;;I;2;GOIANIA;GO;03/2006;1.096;0;0;0;2.010;3.105;0;0;0;0;0;0;0;34;3.139;0;359;3.498;0;2.462;5.960
COOPERATIVA DE ECONOMIA E CRÉDITO MÚTUO DOS MÉDICOS E DEMAIS PROFISSIONAIS DE  NÍVEL SUPERIOR DA SAÚDE DE LEOPOLDINA LTDA. - UNICRED LEOPOLDINA (MG);71467641;b3S;;I;2;LEOPOLDINA;MG;03/2006;1.219;0;0;2.632;0;3.851;0;0;0;0;0;0;0;0;3.851;0;562;4.413;0;1.504;5.917
COOPERATIVA DE CRÉDITO MÚTUO DOS COMERCIANTES DE VESTUÁRIO DE FRANCA CRED-ACIF;4013172;b3S;;I;2;FRANCA;SP;03/2006;1.090;0;0;3.348;12;4.450;0;0;0;0;0;0;0;1;4.451;0;243;4.694;0;1.207;5.900
COOPERATIVA DE ECONOMIA E CRÉDITO MÚTUO DOS FUNCIONÁRIOS DA TICKET SERVIÇOS COMÉRCIO E ADMINISTRAÇÃO;57440521;b3S;;I;2;SAO PAULO;SP;03/2006;0;0;0;0;0;0;0;0;0;0;0;0;0;0;0;0;996;996;0;4.896;5.893
COOPERATIVA DE ECONOMIA E CREDITO MUTUO DOS POLICIAIS FEDERAIS DO RIO GRANDE DO SUL;3000142;b3S;;I;2;PORTO ALEGRE;RS;03/2006;222;0;0;61;3.909;4.191;0;0;0;0;0;0;0;55;4.245;0;137;4.383;0;1.449;5.832
COOPERATIVA DE ECONOMIA E CREDITO MUTUO DOS MEDICOS E DEMAIS PROFISSIONAIS DA  SAUDE DE CACHOEIRA DO SUL LTDA;2240143;b3S;;I;2;CACHOEIRA DO SUL;RS;03/2006;1.061;0;0;3.668;0;4.729;0;0;0;0;0;0;0;7;4.736;0;125;4.861;0;969;5.830
SOLIDUS S.A. CORRETORA DE CAMBIO E VALORES MOBILIARIOS;68757681;n2;;I;2;PORTO ALEGRE;RS;03/2006;0;0;0;0;0;0;0;0;0;0;0;0;0;0;0;0;3.786;3.786;0;2.034;5.820
COOPERATIVA DE CRÉDITO RURAL URUBICI - SICOOB/SC - CREDIARAUCÁRIA;2587492;b3S;;I;2;URUBICI;SC;03/2006;373;0;0;0;1.890;2.263;0;0;0;0;0;0;0;2.450;4.713;0;137;4.851;0;948;5.798
COOPERATIVA DE ECONOMIA E CRÉDITO MÚTUO DOS EMPREGADOS DA TEKSID DO BRASIL LTDA., E NEMAK ALUMÍNIO DO BRASIL LTDA.;4249235;b3S;;I;2;BETIM;MG;03/2006;0;0;0;2.150;0;2.150;0;0;0;0;0;0;0;0;2.150;0;335;2.486;0;3.311;5.796
COOPERATIVA DE ECONOMIA E CRÉDITO MÚTUO DOS  COMERCIANTES DE CONFECÇÕES DE PIRAPORA LTDA.;1789942;b3S;;I;2;PIRAPORA;MG;03/2006;1.087;0;0;1.898;440;3.426;0;0;0;0;0;0;0;468;3.894;0;249;4.143;0;1.627;5.770
COOPERATIVA DE CRÉDITO RURAL COM INTERAÇÃO SOLIDÁRIA DE ABELARDO LUZ - CRESOL/CREDILUZ;1073966;b3S;;I;2;ABELARDO LUZ;SC;03/2006;380;0;0;1.831;0;2.211;0;0;0;0;0;0;0;387;2.598;0;1.071;3.669;0;2.071;5.739
COOPERATIVA DE CRÉDITO RURAL DE FEIRA DE SANTANA;2274863;b3S;;I;2;FEIRA DE SANTANA;BA;03/2006;2.439;0;0;0;4.881;7.320;0;0;0;0;0;0;0;481;7.801;0;260;8.061;0;-2.387;5.674
COOPERATIVA DE CRÉDITO RURAL DE ARACI LTDA.;2025743;b3S;;I;2;ARACI;BA;03/2006;738;0;0;26;3.202;3.966;0;0;0;0;0;0;0;572;4.538;0;139;4.677;0;985;5.662
TOPÁZIO S.A. CRÉDITO, FINANCIAMENTO E INVESTIMENTO;7679404;n1;;I;2;PORTO ALEGRE;RS;03/2006;0;0;0;0;0;0;0;0;0;0;0;0;0;0;0;0;606;606;0;5.053;5.658
COOPERATIVA DE ECONOMIA E CRÉDITO MÚTUO DOS  COMERCIANTES DE CONFECÇÕES DO VESTUÁRIO DE SETE LAGOAS LTDA.;3086930;b3S;;I;2;SETE LAGOAS;MG;03/2006;2.087;0;0;0;2.221;4.309;0;0;0;0;0;0;0;0;4.309;0;303;4.612;0;1.045;5.657
COOPERATIVA DE ECONOMIA E CRÉDITO MÚTUO DOS SERVIDORES DO CEFET MT E CEFET CUIABÁ - SICOOB COOPERTEC;37433448;b3S;;I;2;CUIABA;MT;03/2006;567;0;0;2.085;147;2.800;0;0;0;0;0;0;0;9;2.809;0;380;3.189;0;2.434;5.623
COOPERATIVA DE CRÉDITO RURAL DA REGIÃO NOROESTE DO  ESTADO DE SÃO PAULO E MATO GROSSO DO SUL;4564553;b3S;;I;2;ARACATUBA;SP;03/2006;567;0;0;3.688;35;4.289;0;0;0;0;0;0;0;263;4.553;0;106;4.659;0;957;5.615
COOPERATIVA DE ECONOMIA E CREDITO MUTUO COMERCIANTES DE CONFECCOES DO VESTUARIO DA COSTA OESTE ESTADO DO PARANA LTDA;4876393;b3S;;I;2;FOZ DO IGUACU;PR;03/2006;1.302;0;0;0;3.227;4.529;0;0;0;0;0;0;0;0;4.529;0;212;4.741;0;850;5.592
COOPERATIVA DE ECONOMIA E CREDITO MUTUO MINUANO LTDA;88325113;b3S;;I;2;CANOAS;RS;03/2006;0;0;0;0;0;0;0;0;0;0;0;0;0;0;0;0;403;403;0;5.184;5.587
COOPERATIVA DE ECONOMIA E CRÉDITO MÚTUO DOS SERVIDORES PÚBLICOS FEDERAIS DO MUNICÍPIO DE UBERABA E SUAS FUNDAÇÕES - SICOOB - CREDIMED LTDA.;71336432;b3S;;I;2;UBERABA;MG;03/2006;197;0;0;11;1.652;1.859;0;0;0;0;0;0;0;0;1.859;0;514;2.373;0;3.213;5.587
HOYA CORRETORA DE VALORES E CAMBIO LTDA;34974170;n2;;I;2;FORTALEZA;CE;03/2006;0;0;0;0;0;0;0;0;0;0;0;0;0;0;0;160;2.347;2.507;0;3.066;5.572
COOPERATIVA DE ECONOMIA E CRÉDITO MÚTUO DOS SERVIDORES PÚBLICOS DOS MUNICÍPIOS DA REGIÃO METROPOLITANA DA GRANDE VITÓRIA/ES;1235921;b3S;;I;2;VITORIA;ES;03/2006;3;0;0;71;1;75;0;0;0;0;0;0;0;0;75;0;665;740;0;4.815;5.555
COOPERATIVA DE CRÉDITO MÚTUO DOS PROFISSIONAIS DA ÁREA DA SAÚDE DE LIMEIRA E REGIÃO;4204721;b3S;;I;2;LIMEIRA;SP;03/2006;713;0;0;10;3.703;4.426;0;0;0;0;0;0;0;0;4.426;0;245;4.670;0;870;5.540
AGENCIA DE FOMENTO DO AMAPA S.A.;2929977;n1;;I;1;MACAPA;AP;03/2006;0;0;0;0;0;0;0;0;0;0;0;0;0;0;0;0;1.466;1.466;0;4.065;5.531
COOPERATIVA DE CRÉDITO MÚTUO DOS EMPRESÁRIOS DO SETOR INDUSTRIAL ASSOCIADOS AO CIESP DO ABCD PAULISTA - SICREDI CIESP ABCD;6948735;b3S;;I;2;SAO BERNARDO DO CAMPO;SP;03/2006;237;0;0;599;3.088;3.924;0;0;0;0;0;0;0;19;3.942;0;232;4.174;0;1.322;5.497
COOPERATIVA DE ECONOMIA E CRÉDITO MÚTUO DOS EMPREGADOS DA EMPRESA BRASILEIRA DE CORREIOS E TELÉGRAFOS DO ESTADO DE MINAS GERAIS LTDA. - SICOOB COOPERCORREIOS;3862898;b3S;;I;2;BELO HORIZONTE;MG;03/2006;220;0;0;0;2.556;2.777;0;0;0;0;0;0;0;0;2.777;0;143;2.919;0;2.565;5.485
COOPERATIVA DE CRÉDITO RURAL DE CAMPO BELO LTDA - SICOOB CREDIBELO;71237184;b3S;;I;2;CAMPO BELO;MG;03/2006;1.019;0;0;0;2.451;3.470;0;0;0;0;0;0;0;961;4.432;0;276;4.708;0;771;5.479
CREDSUPER - COOPERATIVA DE ECONOMIA E CRÉDITO MÚTUO DOS SERVIDORES DA UNIVERSIDADE FEDERAL DO RIO GRANDE DO NORTE;4138455;b3S;;I;2;NATAL;RN;03/2006;62;0;0;0;969;1.032;0;0;0;0;0;0;0;2.392;3.424;0;58;3.482;0;1.983;5.465
COOPERATIVA DE ECONOMIA E CREDITO MUTUO DOS MEDICOS E DEMAIS PROFISSIONAIS DA SAUDE DE BAGE LTDA;2463485;b3S;;I;2;BAGE;RS;03/2006;2.862;0;0;1.334;0;4.195;0;0;0;0;0;0;0;0;4.195;0;195;4.390;0;1.052;5.442
COOPERATIVA DE ECONOMIA E CRÉDITO MÚTUO DOS SERVIDORES DA UNIVERSIDADE FEDERAL DE VIÇOSA LTDA. - SICOOB UFVCREDI;2794761;b3S;;I;2;VICOSA;MG;03/2006;419;0;0;0;1.722;2.142;0;0;0;0;0;0;0;0;2.142;0;135;2.277;0;3.147;5.424
COOPERATIVA DE ECONOMIA E CRÉDITO MÚTUO DOS EMPREGADOS DA MERCK SHARP E DOHME FARMACEUTICA -  COOPERMERCK;2814832;b3S;;I;2;SAO PAULO;SP;03/2006;0;0;0;0;0;0;0;0;0;0;0;0;0;0;0;0;828;828;0;4.591;5.419
CONFIDENCE CORRETORA DE CÂMBIO S.A.;4913129;n2;;I;2;SAO PAULO;SP;03/2006;0;0;0;0;0;0;0;0;0;0;0;0;0;0;0;0;1.102;1.102;0;4.307;5.410
COOPERATIVA DE ECONOMIA E CRÉDITO MÚTUO DOS COMERCIANTES DE CONFECÇÕES DE PARÁ DE MINAS LTDA. - ASCICRED;1009908;b3S;;I;2;PARA DE MINAS;MG;03/2006;1.350;0;0;0;2.181;3.531;0;0;0;0;0;0;0;0;3.531;0;438;3.969;0;1.430;5.398
COOPERATIVA DE ECONOMIA E CRÉDITO MÚTUO DOS EMPREGADOS DO GRUPO FEMSA BRASIL;43488782;b3S;;I;2;SAO PAULO;SP;03/2006;0;0;0;0;0;0;0;0;0;0;0;0;0;0;0;0;450;450;0;4.937;5.387
COOPERATIVA DE CRÉDITO RURAL DE PRESIDENTE MÉDICI LTDA;5627993;b3S;;I;2;PRESIDENTE MEDICI;RO;03/2006;791;0;0;856;0;1.648;0;0;0;0;0;0;0;0;1.648;0;1.173;2.820;0;2.545;5.366
COOPERATIVA DE CRÉDITO MÚTUO DOS SERVIDORES DOS DEPARTAMENTOS DE POLÍCIA FEDERAL E POLÍCIA RODOVIÁRIA FEDERAL NOS ESTADOS DE MATO GROSSO E MATO GROSSO DO SUL LTDA.-SICOOB COOPEF;37497245;b3S;;I;2;CUIABA;MT;03/2006;246;0;0;0;1.507;1.754;0;0;0;0;0;0;0;101;1.855;0;161;2.016;0;3.320;5.336
COOPERATIVA DE ECONOMIA E CREDITO MUTUO DOS SERVIDORES DO INSTITUTO DE RESSEGUROS DO BRASIL LTDA;42153585;b3S;;I;2;RIO DE JANEIRO;RJ;03/2006;0;0;0;0;0;0;0;0;0;0;0;0;0;0;0;0;497;497;0;4.828;5.325
COPERCRED - COOPERATIVA DE ECONOMIA E CRÉDITO MÚTUO DOS EMPREGADOS DAS EMPRESAS ZILLO LORENZETTI;58022195;b3S;;I;2;LENCOIS PAULISTA;SP;03/2006;137;0;0;368;1;506;0;0;0;0;0;0;0;0;506;0;530;1.036;0;4.285;5.321
AMERICAINVEST CORRETORA DE CÂMBIO, TÍTULOS E VALORES MOBILIÁRIOS LTDA.;2332886;n2;;I;2;RIO DE JANEIRO;RJ;03/2006;0;0;0;0;0;0;0;0;0;0;0;0;0;0;0;160;2.302;2.462;0;2.854;5.316
PETRA - PERSONAL TRADER - CORRETORA DE TITULOS E VALORES MOBILIARIOS LTDA.;3317692;n2;;I;2;CURITIBA;PR;03/2006;0;0;0;0;0;0;0;0;0;0;0;0;0;0;0;0;3.482;3.482;0;1.794;5.276
COOPERATIVA DE CRÉDITO MÚTUO DOS POLICIAIS FEDERAIS NA PARAÍBA -  FEDERALCRED;3102185;b3S;;I;2;JOAO PESSOA;PB;03/2006;149;0;0;1.901;0;2.051;0;0;0;0;0;0;0;220;2.271;0;382;2.653;0;2.598;5.252
COOPERATIVA DE ECONOMIA E CRÉDITO MÚTUO DOS EMPREGADOS DO GRUPO TELEFÔNICA;57598120;b3S;;I;2;SAO PAULO;SP;03/2006;0;0;0;0;0;0;0;0;0;0;0;0;0;0;0;0;447;447;0;4.792;5.239
COOPERATIVA DE CRÉDITO MÚTUO DOS POLICIAIS FEDERAIS E SERVIDORES DA UNIÃO NO ESTADO DE GOIÁS - FEDERALCRED;2339371;b3S;;I;2;GOIANIA;GO;03/2006;277;0;0;1.873;0;2.150;0;0;0;0;0;0;0;274;2.424;0;213;2.638;0;2.584;5.222
COOPERATIVA DE CRÉDITO RURAL DO EXTREMO OESTE DE SÃO PAULO;5463934;b3S;;I;2;VOTUPORANGA;SP;03/2006;656;0;0;1.130;1.986;3.771;0;0;0;0;0;0;0;0;3.771;0;181;3.953;0;1.231;5.184
COOPERATIVA DE CREDITO RURAL DE RIO PRETO LTDA;35787522;b3S;;I;2;VALENCA;RJ;03/2006;1.721;0;0;2.139;544;4.404;0;0;0;0;0;0;0;177;4.581;0;226;4.807;0;373;5.179
COOPERATIVA DE ECONOMIA E CRÉDITO MÚTUO DOS MÉDICOS E DEMAIS  PROFISSIONAIS DE NÍVEL SUPERIOR DA SAÚDE DE RIO BRANCO LTDA.;1608685;b3S;;I;2;RIO BRANCO;AC;03/2006;703;0;0;2.619;0;3.322;0;0;0;0;0;0;0;0;3.322;0;307;3.629;0;1.536;5.165
COOPERATIVA DE ECONOMIA E CRÉDITO MÚTUO DOS COMERCIANTES DE CONFECÇÕES DO VESTUÁRIO DE DORES DO INDAIÁ LTDA;2254376;b3S;;I;2;DORES DO INDAIA;MG;03/2006;293;0;0;0;3.707;4.001;0;0;0;0;0;0;0;0;4.001;0;154;4.155;0;1.002;5.157
COOPERATIVA DE CREDITO MUTUO DOS DESPACHANTES DE TRANSITO DE SANTA CATARINA;4715685;b3S;;I;2;FLORIANOPOLIS;SC;03/2006;422;0;0;0;877;1.299;0;0;0;0;0;0;0;0;1.299;0;2.493;3.791;0;1.329;5.120
COOPERATIVA DE ECONOMIA E CRÉDITO MÚTUO DOS SERVIDORES DA SECRETARIA DA FAZENDA DO ESTADO BAHIA LTDA - SICOOB/COOPERFISCO;4321309;b3S;;I;2;SALVADOR;BA;03/2006;178;0;0;12;3.299;3.489;0;0;0;0;0;0;0;0;3.489;0;349;3.838;0;1.263;5.101
CENTRAL DAS COOPERATIVAS DE CRÉDITO MÚTUO DOS POLICIAIS FEDERAIS - FEDERALCRED CENTRAL;4843307;b3C;;I;2;MACEIO;AL;03/2006;0;0;0;0;0;0;0;0;0;0;0;0;0;0;0;0;3.658;3.658;0;1.442;5.100
COOPERATIVA DE CRÉDITO DE CARMÓPOLIS DE MINAS LTDA-SICOOB CREDICARMOMINAS;71238232;b3S;;I;2;CARMOPOLIS DE MINAS;MG;03/2006;1.030;0;0;0;1.906;2.937;0;0;0;0;0;0;0;2;2.939;0;1.221;4.159;0;935;5.094
CRETOVALE-COOPERATIVA DE ECONOMIA E CREDITO MUTUO DOS TRABALHADORES DA CIA. VALE DO RIO DOCE;28145589;b3S;;I;2;VITORIA;ES;03/2006;37;0;0;571;565;1.173;0;0;0;0;0;0;0;441;1.614;0;1.655;3.269;0;1.809;5.078
SICOOB - CREDINDÚSTRIA - COOPERATIVA DE ECONOMIA E CRÉDITO MÚTUO DOS PEQUENOS EMPRESÁRIOS, MICROEMPRESÁRIOS E MICROEMPREENDEDORES DA PRODUÇÃO INDUSTRIAL DO DISTRITO FEDERAL LTDA.;5856736;b3S;;I;2;BRASILIA;DF;03/2006;1.057;0;0;2.512;316;3.885;0;0;0;0;0;0;0;0;3.885;0;55;3.940;0;1.134;5.074
COOPERATIVA DE CREDITO RURAL COM INTERAÇÃO SOLIDARIA DE SANTA ROSA DE LIMA-CRESOL SANTA ROSA DE LIMA;3485130;b3S;;I;2;SANTA ROSA DE LIMA;SC;03/2006;398;0;0;3.681;0;4.079;0;0;0;0;0;0;0;420;4.500;0;89;4.589;0;471;5.059
COOPERATIVA DE CRÉDITO DOS EMPRESÁRIOS INDUSTRIAIS VINCULADOS À FIEMG LTDA - SICOOB CREDIFIEMG;7469260;b3S;;I;2;BELO HORIZONTE;MG;03/2006;968;0;0;0;3.500;4.468;0;0;0;0;0;0;0;0;4.468;0;81;4.549;0;501;5.050
COOPERATIVA DE ECONOMIA E CREDITO MUTUO DOS SERVIDORES DA EMPRESA BRASILEIRA DE CORREIOS E TELEGRAFOS LTDA;42100982;b3S;;I;2;RIO DE JANEIRO;RJ;03/2006;0;0;0;109;0;109;0;0;0;0;0;0;0;597;706;0;354;1.060;0;3.965;5.025
COOPERATIVA DE CRÉDITO RURAL DE DORES DO INDAIÁ LTDA;71069587;b3S;;I;2;DORES DO INDAIA;MG;03/2006;550;0;0;0;1.676;2.226;0;0;0;0;0;0;0;442;2.668;0;435;3.103;0;1.915;5.017
QUALITY CORRETORA DE CÂMBIO, TÍTULOS E VALORES MOBILIÁRIOS S.A.;3014007;n2;;I;2;SAO PAULO;SP;03/2006;0;0;0;0;0;0;0;0;0;0;0;0;0;0;0;1.416;1.222;2.638;0;2.372;5.010
COOPERATIVA DE ECONOMIA E CRÉDITO MÚTUO DOS SECURITARIOS, DOS CORRETORES DE SEGUROS E DE CAPITALIZACAO DO RIO DE JANEIRO LTDA.;3930587;b3S;;I;2;RIO DE JANEIRO;RJ;03/2006;577;0;0;1.458;1.857;3.892;0;0;0;0;0;0;0;0;3.892;0;122;4.014;0;980;4.994
PILLA - CORRETORA DE VALORES MOBILIARIOS E CAMBIO LTDA;92875780;n2;;I;2;PORTO ALEGRE;RS;03/2006;0;0;0;0;0;0;0;0;0;0;0;0;0;0;0;0;1.727;1.727;0;3.243;4.970
COOPERATIVA DE CRÉDITO MÚTUO DOS SERVIDORES PÚBLICOS ESTADUAIS CIVIS, MILITARES E PENSIONISTAS EM ARARAQUARA E REGIÃO - COOPARA;4219215;b3S;;I;2;ARARAQUARA;SP;03/2006;0;0;0;1.462;0;1.462;0;0;0;0;0;0;0;155;1.617;0;289;1.906;0;3.060;4.966
FITTA DISTRIBUIDORA DE TITULOS E VALORES MOBILIARIOS S.A.;3512293;n2;;I;2;SAO PAULO;SP;03/2006;0;0;0;0;0;0;0;0;0;0;0;0;0;0;0;0;2.561;2.561;0;2.293;4.854
COOPERATIVA DE ECONOMIA E CRÉDITO MÚTUO DOS EMPREGADOS DA ALUMAR;7635360;b3S;;I;2;SAO LUIS;MA;03/2006;0;0;0;0;0;0;0;0;0;0;0;0;0;0;0;0;204;204;0;4.636;4.839
ACTION;51372;n2;;C;2;SAO PAULO;SP;03/2006;0;0;0;0;0;0;0;0;0;0;0;0;0;0;0;0;2.454;2.454;0;2.379;4.833
COOPERATIVA DE ECONOMIA E CREDITO MUTUO DOS MEDICOS E PROFISSIONAIS DE NIVEL SUPERIOR DA AREA DE SAUDE DE CACHOEIRO DE ITAPEMIRIM - UNICRED SUL CAPIXABA;3559425;b3S;;I;2;CACHOEIRO DE ITAPEMIRIM;ES;03/2006;852;0;0;2.831;5;3.688;0;0;0;0;0;0;0;0;3.688;0;436;4.124;0;706;4.831
COOPERATIVA DE ECONOMIA E CRÉDITO MÚTUO DOS FUNCIONÁRIOS E PRESTADORES DE SERVIÇOS DA COCRED-COPERCANA-CANAOESTE - SICOOB CRED COPERCANA;64739121;b3S;;I;2;SERTAOZINHO;SP;03/2006;213;0;0;1.814;0;2.027;0;0;0;0;0;0;0;0;2.027;0;486;2.513;0;2.284;4.797
COOPERATIVA DE CRÉDITO RURAL GRAPIÚNA LTDA;32615056;b3S;;I;2;ITABUNA;BA;03/2006;389;0;0;93;1.032;1.515;0;0;0;0;0;0;0;309;1.824;0;301;2.126;0;2.654;4.780
CREDIPM-COOPERATIVA DE CREDITO MUTUO DOS POLICIAIS E DEMAIS SERVIDORES PUBLICOS DO PODER EXECUTIVO DO ESTADO DO RIO DE JANEIRO;2723075;b3S;;I;2;RIO DE JANEIRO;RJ;03/2006;7;0;0;431;0;438;0;0;0;0;0;0;0;3.594;4.032;0;112;4.144;0;621;4.765
COOPERATIVA DE ECONOMIA E CRÉDITO MÚTUO DOS MÉDICOS E PROFISSIONAIS DA ÁREA DE SAÚDE DE SÃO PAULO - SICOOB GRANDE SÃO PAULO;69181709;b3S;;I;2;SAO PAULO;SP;03/2006;240;0;0;2.593;0;2.833;0;0;0;0;0;0;0;0;2.833;0;824;3.657;0;1.097;4.754
COOPERATIVA DE CRÉDITO RURAL DE INHAMBUPE LTDA;1845359;b3S;;I;2;INHAMBUPE;BA;03/2006;1.071;0;0;0;1.931;3.002;0;0;0;0;0;0;0;355;3.357;0;115;3.472;0;1.279;4.751
MARSAM - DISTRIBUIDORA DE TÍTULOS E VALORES MOBILIÁRIOS LTDA.;57988677;n2;;I;2;SAO PAULO;SP;03/2006;0;0;0;0;0;0;0;0;0;0;0;0;0;0;0;0;740;740;0;3.988;4.728
COOPERATIVA DE CRÉDITO RURAL DE PALMEIRAS LTDA;37631058;b3S;;I;2;PALMEIRAS DE GOIAS;GO;03/2006;813;0;0;0;721;1.534;0;0;0;0;0;0;0;41;1.575;0;743;2.318;0;2.395;4.713
COOPERATIVA DE CREDITO RURAL VALE DO CANOAS;707903;b3S;;I;2;ABDON BATISTA;SC;03/2006;749;0;0;267;1.881;2.897;0;0;0;0;0;0;0;1.189;4.086;0;199;4.285;0;419;4.704
COOPERATIVA DE ECONOMIA E CRÉDITO MÚTUO DOS FUNCIONÁRIOS DA ASTRAZENECA DO BRASIL;1288797;b3S;;I;2;COTIA;SP;03/2006;0;0;0;0;0;0;0;0;0;0;0;0;0;0;0;0;370;370;0;4.331;4.701
COOPERATIVA DE ECONOMIA E CRÉDITO MÚTUO DOS COLABORADORES DA CEBRACE;53184438;b3S;;I;2;JACAREI;SP;03/2006;0;0;0;0;0;0;0;0;0;0;0;0;0;0;0;0;98;98;0;4.582;4.680
COOPERATIVA DE ECONOMIA E CRÉDITO MÚTUO DOS FUNCIONÁRIOS DA ASSOCIAÇÃO CONGREGAÇÃO DE SANTA CATARINA;65560658;b3S;;I;2;SAO PAULO;SP;03/2006;0;0;0;0;0;0;0;0;0;0;0;0;0;0;0;0;399;399;0;4.278;4.677
COOPERATIVA DE CRÉDITO RURAL DE MORRINHOS LTDA;33579731;b3S;;I;2;MORRINHOS;GO;03/2006;983;0;0;744;607;2.333;0;0;0;0;0;0;0;17;2.350;0;399;2.749;0;1.923;4.672
COOPERATIVA DE ECONOMIA E CRÉDITO MÚTUO DOS EMPREGADOS DA PRODAM/SP - CREDIPRODAM;67031757;b3S;;I;2;SAO PAULO;SP;03/2006;0;0;0;0;0;0;0;0;0;0;0;0;0;0;0;0;52;52;0;4.614;4.666
COOPERATIVA DE ECONOMIA E CRÉDITO MÚTUO DOS FUNCIONÁRIOS DA INTERNATIONAL INDÚSTRIA AUTOMOTIVA DA AMÉRICA DO SUL;59620708;b3S;;I;2;SAO PAULO;SP;03/2006;0;0;0;0;0;0;0;0;0;0;0;0;0;0;0;0;30;30;0;4.632;4.662
COOPERATIVA DE CRÉDITO MÚTUO DOS SERVIDORES DE ÓRGAOS GESTORES DE RECURSOS HÍDRICOS DO ESTADO DE SÃO PAULO - COOPERHIDRO;53800488;b3S;;I;2;SAO PAULO;SP;03/2006;0;0;0;1.883;0;1.883;0;0;0;0;0;0;0;0;1.883;0;170;2.053;0;2.600;4.652
COOPERATIVA DE ECONOMIA E CRÉDITO MÚTUO DOS COMERCIANTES DE CONFECÇÕES DE VITÓRIA DA CONQUISTA LTDA.;2282165;b3S;;I;2;VITORIA DA CONQUISTA;BA;03/2006;1.165;0;0;139;690;1.994;0;0;0;0;0;0;0;0;1.994;0;402;2.396;0;2.244;4.640
COOPERATIVA DE ECONOMIA E CREDITO MUTUO  DOS CORRETORES DE SEGUROS DE PORTO ALEGRE;2999687;b3S;;I;2;PORTO ALEGRE;RS;03/2006;655;0;0;2.718;0;3.373;0;0;0;0;0;0;0;99;3.472;0;104;3.576;0;1.043;4.619
MANCHESTER S/A - CORRETORA DE CAMBIO E TITULOS;84704451;n2;;I;2;JOINVILLE;SC;03/2006;0;0;0;0;0;0;0;0;0;0;0;0;0;0;0;1;2.572;2.573;0;2.040;4.613
CCM DOS PROFESSORES E FUNCIONÁRIOS DA UNIVERSIDADE DE CAXIAS DO SUL;4525997;b3S;;I;2;CAXIAS DO SUL;RS;03/2006;183;0;0;0;3.409;3.592;0;0;0;0;0;0;0;67;3.658;0;86;3.744;0;861;4.606
COOPERATIVA DE ECONOMIA E CREDITO MUTUO DOS REPRESENTANTES COMERCIAIS AUTONOMOS DE ROUPAS, TECIDOS E ARTIGOS DE VESTUARIOS DO RIO DE JANEIRO LTDA.;1670206;b3S;;I;2;RIO DE JANEIRO;RJ;03/2006;465;0;0;0;2.423;2.888;0;0;0;0;0;0;0;1.704;4.592;0;900;5.492;0;-895;4.597
COOPERATIVA DE ECONOMIA E CRÉDITO MÚTUO DOS SERVIDORES DO SEMASA - SICOOB CECRESA;512839;b3S;;I;2;SANTO ANDRE;SP;03/2006;0;0;0;0;0;0;0;0;0;0;0;0;0;0;0;0;110;110;0;4.471;4.581
CECRISACRED - COOPERATIVA DE CRÉDITO MÚTUO DOS EMPREGADOS DA INDÚSTRIA E COMÉRCIO DO RAMO DE MATERIAIS DE CONSTRUÇÃO DA REGIÃO DE CRICIÚMA.;3427097;b3S;;I;2;CRICIUMA;SC;03/2006;50;0;0;0;2.979;3.030;0;0;0;0;0;0;0;0;3.030;0;88;3.118;0;1.460;4.578
COOPERATIVA DE CRÉDITO RURAL DO VALE DO URUPA LTDA;2049217;b3S;;I;2;OURO PRETO DO OESTE;RO;03/2006;1.149;0;0;422;0;1.571;0;0;0;0;0;0;0;36;1.607;0;713;2.320;0;2.237;4.557
COOPERATIVA DE ECONOMIA E CRÉDITO MÚTUO DOS EMPREGADOS DO GRUPO ALGAR LTDA. - SICOOB CREDIEMPAR;1296040;b3S;;I;2;UBERLANDIA;MG;03/2006;0;0;0;50;0;50;0;0;0;0;0;0;0;644;694;0;580;1.274;0;3.278;4.552
CREDICORP DISTRIBUIDORA DE TITULOS E VALORES MOBILIARIOS LTD;72182694;n2;;I;2;RIO DE JANEIRO;RJ;03/2006;0;0;0;0;0;0;0;0;0;0;0;0;0;0;0;0;25;25;0;4.527;4.552
UNICRED JI-PARANÁ - COOPERATIVA DE ECONOMIA E CRÉDITO MÚTUO DOS PROFISSIONAIS DE NÍVEL SUPERIOR DA ÁREA DA SAÚDE DE JI-PARANÁ E REGIÃO LTDA;5007327;b3S;;I;2;JI-PARANA;RO;03/2006;838;0;0;2.216;0;3.054;0;0;0;0;0;0;0;0;3.054;0;262;3.317;0;1.203;4.520
COOPERATIVA DE ECONOMIA E CRÉDITO MÚTUO DOS SERVIDORES DA ASSEMBLÉIA LEGISLATIVA DO ESTADO DO PARÁ LTDA - SICOOB COOESA;83836114;b3S;;I;2;BELEM;PA;03/2006;277;0;0;721;182;1.181;0;0;0;0;0;0;0;67;1.248;0;561;1.809;0;2.701;4.510
UNICA CORRETORA DE CAMBIO E VALORES LTDA.;6971154;n2;;I;2;FORTALEZA;CE;03/2006;0;0;0;0;0;0;0;0;0;0;0;0;0;0;0;0;2.324;2.324;0;2.180;4.505
COOPERATIVA DE ECONOMIA E CRÉDITO MUTUO DOS PROFISSIONAIS DA SAUDE DA REGIÃO SUL DO ESTADO DE SÃO PAULO - UNICRED REGIONAL SUL.;2203219;b3S;;I;2;ITAPETININGA;SP;03/2006;574;0;0;3.023;0;3.597;0;0;0;0;0;0;0;0;3.597;0;555;4.153;0;349;4.501
COOPERATIVA DE ECONOMIA E CREDITO MUTUO DOS FUNCIONARIOS DE PRODUTOS ROCHE QUIMICOS E FARMACEUTICOS S.A., LTDA;42123000;b3S;;I;2;RIO DE JANEIRO;RJ;03/2006;0;0;0;0;0;0;0;0;0;0;0;0;0;0;0;0;378;378;0;4.096;4.475
COOPERATIVA DE ECONOMIA E CRÉDITO MÚTUO DOS SERVIDORES DA SECRETARIA DA FAZENDA DO ESTADO DE GOIÁS;3565483;b3S;;I;2;GOIANIA;GO;03/2006;612;0;0;0;1.474;2.087;0;0;0;0;0;0;0;0;2.087;0;125;2.211;0;2.261;4.473
GERALDO CORREA - CORRETORA DE VALORES MOBILIARIOS S/A;20230272;n2;;I;2;BELO HORIZONTE;MG;03/2006;0;0;0;0;0;0;0;0;0;0;0;0;0;0;0;0;2.204;2.204;0;2.257;4.461
COOPERATIVA DE CRÉDITO MÚTUO DOS SERVIDORES PÚBLICOS MUNICIPAIS DE SÃO BERNARDO DO CAMPO - CREDIABC;3612679;b3S;;I;2;SAO BERNARDO DO CAMPO;SP;03/2006;0;0;0;804;0;804;0;0;0;0;0;0;0;308;1.112;0;608;1.720;0;2.718;4.438
COOPERATIVA DE ECONOMIA E CRÉDITO MÚTUO DOS EMPREGADOS DA AÇO MINAS GERAIS S.A. - AÇOMINAS E EMPRESAS SUBSIDIÁRIAS EM OURO BRANCO LTDA. - COOPAÇO;17314501;b3S;;I;2;OURO BRANCO;MG;03/2006;0;0;0;0;0;0;0;0;0;0;0;0;0;0;0;0;232;232;0;4.200;4.431
EQUIPE S.A. CORRETORA DE VALORES;33739715;n2;;I;2;RIO DE JANEIRO;RJ;03/2006;0;0;0;0;0;0;0;0;0;0;0;0;0;0;0;780;2.503;3.284;0;1.135;4.419
COOPERATIVA DE ECONOMIA E CREDITO MUTUO DOS EMPREGADOS DE ELEVADORES ATLAS SCHINDLER LTDA.;42107706;b3S;;I;2;RIO DE JANEIRO;RJ;03/2006;0;0;0;0;0;0;0;0;0;0;0;0;0;0;0;0;293;293;0;4.118;4.411
COOPERATIVA DE ECONOMIA E CRÉDITO MÚTUO DOS FUNCIONÁRIOS DA  INDUSTRIA MINERADORA DE BRUMADO E MICRO REGIÃO - SICOOB CREDIMINERAL;2558287;b3S;;I;2;BRUMADO;BA;03/2006;240;0;0;0;2.132;2.373;0;0;0;0;0;0;0;0;2.373;0;243;2.616;0;1.791;4.406
COOPERATIVA DE ECONOMIA E CRÉDITO MÚTUO DOS FUNCIONÁRIOS DA CIA AÇUCAREIRA VALE DO ROSÁRIO - COOPERVALE;44958981;b3S;;I;2;MORRO AGUDO;SP;03/2006;0;0;0;0;0;0;0;0;0;0;0;0;0;0;0;0;148;148;0;4.215;4.362
COOPERATIVA DE CREDITO RURAL COM INTERACAO SOLIDARIA DE BOA VISTA-CRESOL BOA VISTA;4929712;b3S;;I;2;SAO LOURENCO DO SUL;RS;03/2006;1.280;0;0;1.969;0;3.249;0;0;0;0;0;0;0;369;3.618;0;46;3.664;0;694;4.359
COOPERATIVA DE ECONOMIA E CREDITO MUTUO DOS SERVIDORES DA POLICIA MILITAR DO ESTADO DE SC;4572960;b3S;;I;2;FLORIANOPOLIS;SC;03/2006;378;0;0;0;1.795;2.172;0;0;0;0;0;0;0;0;2.172;0;128;2.300;0;2.057;4.357
ESTRATEGIA INVESTIMENTOS S.A.- CORRETORA DE VALORES E CAMBIO;74073974;n2;;I;2;FORTALEZA;CE;03/2006;0;0;0;0;0;0;0;0;0;0;0;0;0;0;0;0;2.746;2.746;0;1.605;4.351
COOPERATIVA DE CREDITO RURAL COM INTERACAO SOLIDARIA DE ERECHIM - CRESOL ERECHIM;2910987;b3S;;I;2;ERECHIM;RS;03/2006;297;0;0;2.303;0;2.600;0;0;0;0;0;0;0;351;2.951;0;298;3.249;0;1.092;4.340
COOPERATIVA DE CREDITO RURAL COM INTERACAO SOLIDARIA DE FRANCISCO BELTRAO - CRESOL FRANCISCO BELTRAO;2698001;b3S;;I;2;FRANCISCO BELTRAO;PR;03/2006;661;0;0;1.298;0;1.959;0;0;0;0;0;0;0;349;2.308;0;497;2.805;0;1.534;4.339
CREDICONT - COOPERATIVA DE EC. E CRÉDITO MÚTUO DOS EMPREGADOS DAS EMPRESAS INDUSTRIAIS, COMERCIAIS, DE ASSIST. TÉCNICA E LOCADORAS, NAS ÁREAS DE METALURGIA E MAT. ELÉTRICO REGIÕES SÃO PAULO E CAMPINAS;56882988;b3S;;I;2;SAO PAULO;SP;03/2006;0;0;0;0;0;0;0;0;0;0;0;0;0;0;0;0;374;374;0;3.959;4.333
APEMAT CREDITO IMOBILIARIO S.A.;1507409;n1;;I;2;CAMPO GRANDE;MS;03/2006;0;0;0;0;0;0;0;0;0;0;0;0;0;0;0;0;130;130;0;4.186;4.316
COOPERATIVA DE CRÉDITO RURAL DE SÃO FRANCISCO DE SALES LTDA. - SICOOB CREDICOOPERTRIL;1374196;b3S;;I;2;SAO FRANCISCO DE SALES;MG;03/2006;715;0;0;0;1.812;2.527;0;0;0;0;0;0;0;7;2.534;0;568;3.102;0;1.204;4.306
COOPERATIVA DE ECONOMIA E CRÉDITO MÚTUO DOS FUNCIONÁRIOS DO FLEURY;71965313;b3S;;I;2;SAO PAULO;SP;03/2006;0;0;0;0;0;0;0;0;0;0;0;0;0;0;0;0;212;212;0;4.090;4.302
COOPERATIVA DE CREDITO MUTUO DOS CONFECCIONISTAS DO VESTUARIO DA REGIAO SUL CATARINENSE-ACICRED;3793242;b3S;;I;2;CRICIUMA;SC;03/2006;1.876;0;0;2;1.346;3.224;0;0;0;0;0;0;0;278;3.502;0;274;3.775;0;515;4.290
COOPERATIVA DE CRÉDITO DOS FUNCIONÁRIOS DA ROLAMENTOS FAG - COOPERFAG;871091;b3S;;I;2;SAO PAULO;SP;03/2006;0;0;0;0;0;0;0;0;0;0;0;0;0;0;0;0;151;151;0;4.118;4.269
COOPERATIVA DE ECONOMIA E CRÉDITO MÚTUO DOS SERVIDORES DA JUSTIÇA DO ESTADO DE MINAS GERAIS LTDA. - SICOOB CREDJUS;4894460;b3S;;I;2;BELO HORIZONTE;MG;03/2006;0;0;0;500;986;1.486;0;0;0;0;0;0;0;0;1.486;0;130;1.616;0;2.629;4.245
S.K. DISTRIBUIDORA DE TITULOS E VALORES MOBILIARIOS LTDA.;39846068;n2;;I;2;SAO PAULO;SP;03/2006;0;0;0;0;0;0;0;0;0;0;0;0;0;0;0;0;793;793;0;3.406;4.198
COOPERATIVA DE CRÉDITO DOS PROFISSIONAIS DA SAÚDE E DA EDUCAÇÃO DO NORTE PAULISTA - UNICRED NORTE PAULISTA;2250781;b3S;;I;2;BEBEDOURO;SP;03/2006;322;0;0;2.738;0;3.060;0;0;0;0;0;0;0;0;3.060;0;194;3.254;0;935;4.189
COOPERATIVA DE CRÉDITO DOS BANCÁRIOS DE SÃO PAULO E MUNICÍPIOS LIMÍTROFES;3422007;b3S;;I;2;SAO PAULO;SP;03/2006;0;0;0;2.048;0;2.048;0;0;0;0;0;0;0;0;2.048;0;12;2.060;0;2.107;4.167
COOPERATIVA DE ECONOMIA E CREDITO MUTUO DOS SERVIDORES DO CENTRO FEDERAL DE EDUCACAO TECNOLOGICA DE CAMPOS-COOCEFETCAM;2931668;b3S;;I;2;CAMPOS DOS GOYTACAZES;RJ;03/2006;205;0;0;0;1.302;1.507;0;0;0;0;0;0;0;0;1.507;0;566;2.073;0;2.065;4.138
COOPERATIVA DE ECONOMIA E CRÉDITO MÚTUO DOS MÉDICOS E DEMAIS PROFISSIONAIS DA ÁREA DE SAÚDE DE CAÇAPAVA;96622048;b3S;;I;2;CACAPAVA;SP;03/2006;289;0;0;2.469;0;2.758;0;0;0;0;0;0;0;0;2.758;0;282;3.040;0;1.077;4.117
COOPERATIVA DE ECONOMIA E CREDITO MUTUO DOS MEDICOS DO SUL FLUMINENSE LTDA;4371228;b3S;;I;2;BARRA MANSA;RJ;03/2006;1.336;0;0;2.083;20;3.440;0;0;0;0;0;0;0;0;3.440;0;137;3.577;0;534;4.111
DIDIER-LEVY ASSOCIADOS CORRETORA DE CÂMBIO S/A;52937216;n2;;I;2;SAO PAULO;SP;03/2006;0;0;0;0;0;0;0;0;0;0;0;0;0;0;0;0;1.950;1.950;0;2.142;4.093
COOPERATIVA DE ECONOMIA E CREDITO MUTUO DOS LOJISTAS DO VESTUARIO E CONFECCOES DE BARRA DO GARCAS;5244177;b3S;;I;2;BARRA DO GARCAS;MT;03/2006;703;0;0;0;2.269;2.971;0;0;0;0;0;0;0;428;3.400;0;147;3.547;0;544;4.092
COOPERATIVA DE CRÉDITO RURAL DE PIRACANJUBA LTDA;5222094;b3S;;I;2;PIRACANJUBA;GO;03/2006;1.039;0;0;0;805;1.844;0;0;0;0;0;0;0;0;1.844;0;478;2.322;0;1.730;4.052
COOPERATIVA DE CRÉDITO DOS PEQUENOS EMPRESÁRIOS, MICROEMPRESÁRIOS E MICROEMPREENDEDORES DAS REGIÕES METROPOLITANA, VALE DOS SINOS E PARANHANA - SICREDI EMPREENDEDORES;6260899;b3S;;I;2;PORTO ALEGRE;RS;03/2006;327;0;0;16;3.050;3.392;0;0;0;0;0;0;0;0;3.392;0;82;3.474;0;574;4.048
COOPERATIVA DE ECONOMIA E CRÉDITO MÚTUO DOS SERVIDORES DOS ÓRGÃOS DA SEGURANÇA PÚBLICA, DOS  MINISTÉRIOS DA JUSTIÇA, DEFESA, ÓRGÃOS VINCULADOS, NO DISTRITO FEDERAL - COOPERCRED LTDA.;36767291;b3S;;I;2;BRASILIA;DF;03/2006;130;0;0;0;774;904;0;0;0;0;0;0;0;679;1.583;0;2.218;3.801;0;245;4.046
COOPERATIVA DE CRÉDITO DOS MAGISTRADOS DO ESTADO DO RIO DE JANEIRO LTDA. - MAGICRED-RJ;5040680;b3S;;I;2;RIO DE JANEIRO;RJ;03/2006;0;0;0;2.162;0;2.162;0;0;0;0;0;0;0;0;2.162;0;93;2.255;0;1.776;4.030
COOPERATIVA DE ECONOMIA E CRÉDITO MÚTUO DOS EMPREGADOS DA CEMIG LTDA. - SICOOB CECREMEC;17502881;b3S;;I;2;BELO HORIZONTE;MG;03/2006;127;0;0;934;616;1.677;0;0;0;0;0;0;0;1.252;2.929;0;699;3.628;0;398;4.026
COOPERATIVA DE CRÉDITO RURAL DE ALÉM PARAÍBA LTDA;26254359;b3S;;I;2;ALEM PARAIBA;MG;03/2006;1.064;0;0;0;1.571;2.635;0;0;0;0;0;0;0;4;2.639;0;303;2.942;0;1.081;4.023
LAETA S/A DISTRIBUIDORA DE TITULOS E VALORES MOBILIARIOS;60814209;n2;;I;2;SAO PAULO;SP;03/2006;0;0;0;0;0;0;0;0;0;0;0;0;0;0;0;921;872;1.793;0;2.229;4.022
COOPERATIVA DE ECONOMIA E CREDITO MUTUO DOS SERVIDORES PÚBLICOS ESTADUAIS DO RIO GRANDE DO SUL EM PORTO ALEGRE E GRANDE PORTO ALEGRE;3973814;b3S;;I;2;PORTO ALEGRE;RS;03/2006;0;0;0;1.628;0;1.628;0;0;0;0;0;0;0;100;1.728;0;298;2.026;0;1.995;4.021
COOPERATIVA DE ECONOMIA E CRÉDITO MÚTUO DOS MÉDICOS DE JABOTICABAL - COPERMED JABOTICABAL;2159014;b3S;;I;2;JABOTICABAL;SP;03/2006;512;0;0;0;2.867;3.379;0;0;0;0;0;0;0;0;3.379;0;43;3.422;0;599;4.021
COOPERATIVA DE CRÉDITO DOS PLANTADORES DE CANA DA REGIÃO DE LENÇÓIS PAULISTA;50848910;b3S;;I;2;LENCOIS PAULISTA;SP;03/2006;0;0;0;0;0;0;0;0;0;0;0;0;0;0;0;0;188;188;45;3.783;4.015
COOPERATIVA DE ECONOMIA E CRÉDITO MÚTUO DOS INTEGRANTES DO PODER JUDICIÁRIO DO ESTADO DE MINAS GERAIS  LTDA - COOPERMAGIS;4780760;b3S;;I;2;BELO HORIZONTE;MG;03/2006;253;0;0;0;2.149;2.402;0;0;0;0;0;0;0;0;2.402;0;209;2.611;0;1.403;4.014
COOPERATIVA DE ECONOMIA E CRÉDITO MÚTUO DOS COMERCIANTES DO RAMO TÊXTIL - CREDILITORAL;5078992;b3S;;I;2;SANTOS;SP;03/2006;260;0;0;0;1.082;1.342;0;0;0;0;0;0;0;1.364;2.706;0;1.069;3.774;0;238;4.012
COOPERATIVA DE CRÉDITO RURAL DE COLORADO DO OESTE LTDA.;5360478;b3S;;I;2;COLORADO DO OESTE;RO;03/2006;495;0;0;238;0;733;0;0;0;0;0;0;0;0;733;0;989;1.722;0;2.280;4.002
COOPERATIVA DE CRÉDITO RURAL DE PEQUENOS AGRICULTORES E REFORMA AGRÁRIA DO EXTREMO OESTE CATARINENSE;4073519;b3S;;I;2;SAO MIGUEL D'OESTE;SC;03/2006;370;0;0;2.842;1;3.214;0;0;0;0;0;0;0;0;3.214;0;89;3.303;0;699;4.002
COOPERATIVA DE ECONOMIA E CRÉDITO MÚTUO DOS FUNCIONÁRIOS DA BOMBRIL;57038408;b3S;;I;2;SAO BERNARDO DO CAMPO;SP;03/2006;0;0;0;0;0;0;0;0;0;0;0;0;0;0;0;0;709;709;0;3.283;3.992
MILLENNIUM CORRETORA DE CÂMBIO E VALORES MOBILIÁRIOS S/A;7147382;n2;;I;2;FORTALEZA;CE;03/2006;0;0;0;0;0;0;0;0;0;0;0;0;0;0;0;0;1.398;1.398;0;2.593;3.991
COOPERATIVA DE ECONOMIA E CRÉDITO MÚTUO DOS EMPREGADOS DA VOLKSWAGEN DO BRASIL E CONCESSIONÁRIAS VW;67645887;b3S;;I;2;SAO BERNARDO DO CAMPO;SP;03/2006;0;0;0;0;0;0;0;0;0;0;0;0;0;0;0;0;628;628;0;3.355;3.983
COOPERATIVA DE CRÉDITO MÚTUO DOS EMPREGADOS DO GRUPO METSO E DA DYNAPAC - NOSSACRED;49060635;b3S;;I;2;SOROCABA;SP;03/2006;64;0;0;534;0;599;0;0;0;0;0;0;0;0;599;0;399;997;0;2.979;3.976
COOPERATIVA DE CRÉDITO DOS EMPREGADOS DO GRUPO AKZO NOBEL BRASIL - COOP AKZONOBEL;57996878;b3S;;I;2;MAUA;SP;03/2006;0;0;0;0;0;0;0;0;0;0;0;0;0;0;0;0;792;792;0;3.184;3.976
COOPERATIVA DE CREDITO RURAL COM INTERACAO SOLIDARIA DE CASCAVEL - CRESOL CASCAVEL;2448310;b3S;;I;2;CASCAVEL;PR;03/2006;586;0;0;824;0;1.410;0;0;0;0;0;0;0;446;1.855;0;896;2.751;0;1.224;3.975
COOPERATIVA DE ECONOMIA E CRÉDITO MÚTUO DOS FUNCIONÁRIOS DA OWENS CORNING FIBERGLAS AMÉRICA DO SUL;48172860;b3S;;I;2;RIO CLARO;SP;03/2006;0;0;0;1.119;0;1.119;0;0;0;0;0;0;0;0;1.119;0;203;1.322;0;2.650;3.972
COOPERATIVA DE ECONOMIA E CRÉDITO MÚTUO DOS FUNCIONÁRIOS DA VILLARES METALS;53846242;b3S;;I;2;SUMARE;SP;03/2006;0;0;0;0;0;0;0;0;0;0;0;0;0;0;0;0;148;148;0;3.808;3.956
COOPERATIVA DE CRÉDITO RURAL DE SERRINHA RESP. LTDA;63229629;b3S;;I;2;SERRINHA;BA;03/2006;679;0;0;0;2.198;2.877;0;0;0;0;0;0;0;362;3.239;0;234;3.473;0;469;3.943
COOPERATIVA DE CRÉDITO DOS EMPREGADOS DE ELEVADORES ATLAS;43730498;b3S;;I;2;SAO PAULO;SP;03/2006;0;0;0;0;0;0;0;0;0;0;0;0;0;0;0;0;185;185;0;3.757;3.942
COOPERATIVA DE ECONOMIA E CRÉDITO MÚTUO DOS COLABORADORES DA VALE S.A. - LTDA. - SICOOB CREDIVALE;20961629;b3S;;I;2;ITABIRA;MG;03/2006;61;0;0;0;24;86;0;0;0;0;0;0;0;0;86;0;524;609;0;3.314;3.923
COOPERATIVA DE ECONOMIA E CRÉDITO MÚTUO DOS  COMERCIANTES DE CONFECÇÕES DO VESTUÁRIO DE BELO HORIZONTE, REGIÃO METROPOLITANA E CIDADES POLO LTDA.;3020122;b3S;;I;2;BELO HORIZONTE;MG;03/2006;868;0;0;0;2.551;3.419;0;0;0;0;0;0;0;0;3.419;0;277;3.695;0;211;3.906
COOPERATIVA DE ECONOMIA E CRÉDITO MÚTUO DOS SERVIDORES E EMPREGADOS DOS HOSPITAIS E CLÍNICAS DA ZONA DA MATA LTDA - SANTACASACRED;1335986;b3S;;I;2;JUIZ DE FORA;MG;03/2006;358;0;0;0;1.150;1.508;0;0;0;0;0;0;0;401;1.909;0;317;2.226;0;1.661;3.888
COOPERATIVA DE CRÉDITO RURAL DE VOLTA GRANDE LTDA - SICOOB CREDIVOGA;1152097;b3S;;I;2;VOLTA GRANDE;MG;03/2006;379;0;0;0;850;1.229;0;0;0;0;0;0;0;12;1.241;0;866;2.107;0;1.773;3.881
COOPERÁGUIA - COOPERATIVA DE ECONOMIA E CRÉDITO MÚTUO DOS EMPREGADOS DO GRUPO ÁGUIA BRANCA;27171974;b3S;;I;2;CARIACICA;ES;03/2006;0;0;0;0;0;0;0;0;0;0;0;0;0;0;0;0;846;846;0;3.002;3.848
COOPERATIVA DE ECONOMIA E CRÉDITO MÚTUO DOS EMPREGADOS DA COPLANA - CREDICOPLANA;62239819;b3S;;I;2;GUARIBA;SP;03/2006;182;0;0;0;1.638;1.821;0;0;0;0;0;0;0;0;1.821;0;274;2.095;0;1.727;3.822
COOPERATIVA DE ECONOMIA E CRÉDITO MÚTUO DOS EMPREGADOS DA MINERACÃO RIO DO NORTE S/A, EM PORTO TROMBETAS LIMITADA -  CREDNORT;4998845;b3S;;I;2;ORIXIMINA;PA;03/2006;0;0;0;0;0;0;0;0;0;0;0;0;0;0;0;0;149;149;0;3.661;3.810
COOPERATIVA DE CRÉDITO RURAL DO VALE DO GUAPORÉ LTDA.;4542393;b3S;;I;2;SAO MIGUEL DO GUAPORE;RO;03/2006;278;0;0;806;0;1.085;0;0;0;0;0;0;0;0;1.085;0;752;1.837;0;1.963;3.800
COOPERATIVA DE ECONOMIA E CRÉDITO MÚTUO DOS FUNCIONÁRIOS DAS EMPRESAS MELHORAMENTOS DE SÃO PAULO;1504952;b3S;;I;2;SAO PAULO;SP;03/2006;0;0;0;0;0;0;0;0;0;0;0;0;0;0;0;0;432;432;0;3.351;3.783
COOPERATIVA DE ECONOMIA E CRÉDITO MÚTUO DOS EMPREGADOS DA NOVELIS E DA ITAP/BEMIS;57545436;b3S;;I;2;MAUA;SP;03/2006;0;0;0;0;0;0;0;0;0;0;0;0;0;0;0;0;194;194;0;3.588;3.781
FAIR CORRETORA DE CÂMBIO S/A;32648370;n2;;I;2;SAO PAULO;SP;03/2006;0;0;0;0;0;0;0;0;0;0;0;0;0;0;0;0;2.241;2.241;0;1.533;3.773
COOPERATIVA DE CREDITO RURAL DO PLANALTO SERRANO  SICOOB/SC - CREDISERRA;1692448;b3S;;I;2;URUPEMA;SC;03/2006;626;0;0;0;1.270;1.896;0;0;0;0;0;0;0;1.281;3.177;0;45;3.221;0;543;3.764
COOPERATIVA DE CRÉDITO DOS FORNECEDORES DE CANA DO CENTRO DO ESTADO DE SÃO PAULO;53776852;b3S;;I;2;ARARAQUARA;SP;03/2006;9;0;0;0;0;9;0;0;0;0;0;0;0;0;9;0;463;473;8;3.272;3.752
COOPERATIVA DE CRÉDITO RURAL DO PLANALTO PAULISTA - CREDISOLO;2359108;b3S;;I;2;GARCA;SP;03/2006;258;0;0;3.365;715;4.338;0;0;0;0;0;0;0;266;4.604;0;57;4.661;0;-910;3.751
COOPERATIVA DE ECONOMIA E CRÉDITO MÚTUO DOS COLABORADORES DA COOPEDER LTDA. - CREDER;21130869;b3S;;I;2;BELO HORIZONTE;MG;03/2006;0;0;0;0;0;0;0;0;0;0;0;0;0;0;0;0;467;467;0;3.280;3.748
COOPERATIVA DE ECONOMIA E CRÉDITO MÚTUO DOS MÉDICOS E DEMAIS PROFISSIONAIS DE NÍVEL SUPERIOR DA ÁREA DE SAÚDE DE OURINHOS - OURICRED;2179673;b3S;;I;2;OURINHOS;SP;03/2006;513;0;0;3;2.707;3.223;0;0;0;0;0;0;0;0;3.223;0;66;3.288;0;444;3.732
COOMAMP - COOPERATIVA DE CRÉDITO MÚTUO DA MAGISTRATURA,  DO MINISTÉRIO PÚBLICO, DA PROCURADORIA GERAL, DA DEFENSORIA PÚBLICA E RESPECTIVOS SERVIDORES EM SÃO LUÍS -MARANHÃO E MUNICÍPIOS CIRCUNVIZINHO;5545390;b3S;;I;2;SAO LUIS;MA;03/2006;85;0;0;0;850;935;0;0;0;0;0;0;0;1.903;2.838;0;129;2.967;0;763;3.730
COOPERATIVA DE ECONOMIA E CRÉDITO MÚTUO DA ALIANÇA DOS  MÉDICOS DE BIRIGUI E REGIÃO  E DEMAIS PROFISSIONAIS DA ÁREA DA SAÚDE - SICREDI DE BIRIGUI;4484490;b3S;;I;2;BIRIGUI;SP;03/2006;465;0;0;2.195;23;2.683;0;0;0;0;0;0;0;24;2.707;0;190;2.897;0;797;3.694
COOPERUFPA - COOPERATIVA DE ECONOMIA E CRÉDITO MÚTUO DOS SERVIDORES DO MINISTÉRIO DA EDUCAÇÃO NO ESTADO DO PARÁ;83325811;b3S;;I;2;BELEM;PA;03/2006;0;0;0;212;0;212;0;0;0;0;0;0;0;0;212;0;258;471;0;3.211;3.682
COOPERATIVA DE ECONOMIA E CRÉDITO MÚTUO DOS FUNCIONÁRIOS DA DANA;50654300;b3S;;I;2;OSASCO;SP;03/2006;0;0;0;0;0;0;0;0;0;0;0;0;0;0;0;0;164;164;0;3.498;3.662
COOPERATIVA DE ECONOMIA E CRÉDITO MÚTUO DOS MÉDICOS E DEMAIS PROFISSIONAIS DE NÍVEL SUPERIOR DA SAÚDE DE MONTES CLAROS LTDA - UNICRED NORTE DE MINAS;3749897;b3S;;I;2;MONTES CLAROS;MG;03/2006;669;0;0;1.953;0;2.622;0;0;0;0;0;0;0;169;2.791;0;485;3.275;0;371;3.647
COOPERATIVA DE ECONOMIA E CREDITO MUTUO DOS SERVIDORES PUBLICOS MUNICIPAIS DE PORTO ALEGRE;3990888;b3S;;I;2;PORTO ALEGRE;RS;03/2006;0;0;0;0;0;0;0;0;0;0;0;0;0;0;0;0;1.915;1.915;0;1.719;3.634
COOPERATIVA DE ECONOMIA E CRÉDITO MÚTUO DOS  COMERCIANTES DE CONFECÇÕES DA REGIÃO DA SERRA GERAL DE MINAS LTDA.;2804469;b3S;;I;2;JANAUBA;MG;03/2006;849;0;0;0;1.466;2.315;0;0;0;0;0;0;0;0;2.315;0;95;2.410;0;1.221;3.631
COOPERATIVA DE ECONOMIA E CRÉDITO MÚTUO DOS SERVIDORES DA UNIVERSIDADE ESTADUAL DE CAMPINAS - COOPERUNICAMP;2285107;b3S;;I;2;CAMPINAS;SP;03/2006;0;0;0;0;0;0;0;0;0;0;0;0;0;0;0;0;514;514;0;3.114;3.628
COOPERATIVA DE ECONOMIA E CRÉDITO MÚTUO DOS EMPREGADOS DA MAGNESITA REFRATÁRIOS S.A. LTDA. - CECREM;913314;b3S;;I;2;BELO HORIZONTE;MG;03/2006;0;0;0;0;0;0;0;0;0;0;0;0;0;0;0;0;243;243;0;3.368;3.612
COOPERATIVA DE CRÉDITO MÚTUO DOS EMPRESÁRIOS DO SETOR INDUSTRIAL ASSOCIADOS AO CIESP DA ALTA NOROESTE DE SÃO PAULO - SICREDI CIESP ALTA NOROESTE;6913907;b3S;;I;2;BIRIGUI;SP;03/2006;912;0;0;0;1.584;2.496;0;0;0;0;0;0;0;29;2.525;0;229;2.754;0;836;3.590
COOPERATIVA DE ECONOMIA E CRÉDITO MÚTUO DOS MEMBROS DO MINISTÉRIO PÚBLICO DE SÃO PAULO - PROMOCRED;4478231;b3S;;I;2;SAO PAULO;SP;03/2006;0;0;0;2.226;0;2.226;0;0;0;0;0;0;0;0;2.226;0;69;2.295;0;1.293;3.588
COOPERATIVA DE CRÉDITO DOS EMPREGADOS DA CIMPOR BRASIL;2721419;b3S;;I;2;SAO PAULO;SP;03/2006;0;0;0;0;0;0;0;0;0;0;0;0;0;0;0;0;138;138;0;3.440;3.578
COOPERATIVA DE CRÉDITO MÚTUO DOS MÉDICOS DAS MICROREGIÕES DE GOIÂNIA E ANÁPOLIS LTDA;1720488;b3S;;I;2;GOIANIA;GO;03/2006;680;0;0;521;614;1.815;0;0;0;0;0;0;0;11;1.826;0;206;2.032;0;1.546;3.578
COOPERATIVA DE ECONOMIA E CRÉDITO MÚTUO DOS FUNCIONÁRIOS DO BOMPREÇO BAHIA - SICOOB COOPERBOM;74026998;b3S;;I;2;SALVADOR;BA;03/2006;54;0;0;0;896;949;0;0;0;0;0;0;0;176;1.125;0;171;1.296;0;2.280;3.576
COOPERATIVA DE CRÉDITO MÚTUO DOS FUNCIONÁRIOS DO GRUPO IESA;53236808;b3S;;I;2;ARARAQUARA;SP;03/2006;0;0;0;524;0;524;0;0;0;0;0;0;0;0;524;0;113;637;0;2.933;3.571
COOPERATIVA DE ECONOMIA E CRÉDITO MÚTUO DOS COMERCIANTES DE CONFECÇÕES DO CIRCUITO DO OURO LTDA;1649389;b3S;;I;2;SANTA BARBARA;MG;03/2006;600;0;0;263;1.785;2.648;0;0;0;0;0;0;0;0;2.648;0;429;3.077;0;493;3.570
COOPERATIVA DE ECONOMIA E CREDITO MUTUO DOS FUNCIONARIOS DAS INDUSTRIAS ALIMENTICIAS DE TOLEDO LTDA - CREDIFATO;80403306;b3S;;I;2;TOLEDO;PR;03/2006;0;0;0;0;0;0;0;0;0;0;0;0;0;27;27;0;329;356;0;3.159;3.515
COOPERATIVA DE ECONOMIA E CRÉDITO MÚTUO DOS SERVIDORES MIN. PLANEJAMENTO, ORÇAMENTO E GESTÃO,EDUCAÇÃO,DESENV,IND E COM EXT, INT.NACIONAL,COMUNIC,CIDADES,DESENV. SOCIAL E COMBATE À FOME - COOPERPLAN;2674113;b3S;;I;2;BRASILIA;DF;03/2006;409;0;0;234;330;972;0;0;0;0;0;0;0;0;972;0;233;1.205;0;2.308;3.513
COOPERATIVA DE ECONOMIA E CRÉDITO MÚTUO DOS TRABALHADORES DA UNIVERSIDADE FEDERAL DE MINAS GERAIS LTDA. - COOPECREMT-UFMG;1918144;b3S;;I;2;BELO HORIZONTE;MG;03/2006;0;0;0;0;1.195;1.195;0;0;0;0;0;0;0;0;1.195;0;1.071;2.266;0;1.240;3.506
COOPERATIVA DE CRÉDITO RURAL DE SÃO VICENE DE MINAS LTDA. - SICOOB CREDISAVI;86476199;b3S;;I;2;SAO VICENTE DE MINAS;MG;03/2006;382;0;0;0;2.196;2.578;0;0;0;0;0;0;0;234;2.811;0;163;2.975;0;529;3.503
COOPERATIVA DE ECONOMIA E CREDITO MUTUO DOS EMPREGADOS DAS EMPRESAS PRESTADORAS DE SERVICOS DE AGUAS, ESGOTOS E SANEAMENTO DO ESTADO DO RIO DE JANEIRO LTDA;36246098;b3S;;I;2;RIO DE JANEIRO;RJ;03/2006;0;0;0;0;72;72;0;0;0;0;0;0;0;0;72;0;608;680;0;2.811;3.491
COOPERATIVA DE ECONOMIA E CRÉDITO MÚTUO DOS COMERCIANTES CONFECÇÕES DE SÃO SEBASTIÃO DO PARAÍSO LTDA;1657678;b3S;;I;2;SAO SEBASTIAO DO PARAISO;MG;03/2006;464;0;0;20;1.497;1.981;0;0;0;0;0;0;0;615;2.596;0;220;2.817;0;668;3.485
COOPERATIVA DE CREDITO DOS FUNCIONÁRIOS DO SESI, SENAI E CIERGS NO RIO GRANDE DO SUL LTDA - CRESUL;92675578;b3S;;I;2;PORTO ALEGRE;RS;03/2006;0;0;0;0;0;0;0;0;0;0;0;0;0;0;0;0;134;134;0;3.322;3.456
COOPERATIVA DE ECONOMIA E CRÉDITO MÚTUO DOS EMPREGADOS DA USAGRO;68969625;b3S;;I;2;JABOTICABAL;SP;03/2006;0;0;0;6;9;15;0;0;0;0;0;0;0;0;15;0;170;185;0;3.269;3.454
COOPERATIVA DE ECONOMIA E CRÉDITO MÚTUO DOS TRABALHADORES NAS INDÚSTRIAS DE EXTRAÇÃO DE FERRO E METAIS BÁSICOS DA REGIÃO DE CONGONHAS LTDA. - COOFERSE;71384697;b3S;;I;2;CONGONHAS;MG;03/2006;0;0;0;0;0;0;0;0;0;0;0;0;0;0;0;0;386;387;0;3.049;3.436
COOPERATIVA DE ECONOMIA E CRÉDITO MÚTUO DOS COMERCIANTES DE CONFECÇÕES DO VESTUÁRIO DE MONTE SIÃO DO ESTADO DE MINAS GERAIS LTDA.;3941182;b3S;;I;2;MONTE SIAO;MG;03/2006;498;0;0;0;1.923;2.420;0;0;0;0;0;0;0;0;2.420;0;94;2.515;0;906;3.420
COOPERATIVA DE CRÉDITO RURAL AGRO-PECUÁRIA DO SUDOESTE PAULISTA;74365354;b3S;;I;2;SOROCABA;SP;03/2006;84;0;0;0;2.555;2.639;0;0;0;0;0;0;0;221;2.859;0;44;2.904;0;516;3.420
COOPERATIVA DE ECONOMIA E CRÉDITO MÚTUO DOS PROFISSIONAIS DA SAÚDE DO SUDESTE PAULISTA LTDA. - UNICRED SUDESTE PAULISTA;5608957;b3S;;I;2;SOROCABA;SP;03/2006;437;0;0;2.391;0;2.828;0;0;0;0;0;0;0;0;2.828;0;117;2.945;0;471;3.416
COOPERATIVA DE CRÉDITO MÚTUO DOS EMPREGADOS DA SKF E COLIGADAS;49091119;b3S;;I;2;CAJAMAR;SP;03/2006;0;0;0;0;0;0;0;0;0;0;0;0;0;0;0;0;36;36;0;3.376;3.412
COOPERATIVA DE ECONOMIA E CREDITO MUTUO DOS EMPREGADOS DAS EMPRESAS DE TRANSPORTES COLETIVOS RODOVIÁRIOS DE PASSAGEIROS DO GRANDE RIO LTDA;141155;b3S;;I;2;SAO GONCALO;RJ;03/2006;0;0;0;0;0;0;0;0;0;0;0;0;0;0;0;0;577;577;0;2.822;3.400
COOPERATIVA DE ECONOMIA E CRÉDITO MÚTUO DOS EMPREGADOS DA SAMARCO MINERAÇÃO S.A. LTDA.;20622809;b3S;;I;2;BELO HORIZONTE;MG;03/2006;0;0;0;0;0;0;0;0;0;0;0;0;0;0;0;0;103;103;0;3.260;3.362
COOPERATIVA DE ECONOMIA E CRÉDITO MÚTUO DOS  PROFISSIONAIS DE SAÚDE DE GOIÂNIA E REGIÃO LTDA.;1601342;b3S;;I;2;GOIANIA;GO;03/2006;735;0;0;0;966;1.700;0;0;0;0;0;0;0;59;1.760;0;232;1.991;0;1.345;3.336
COOPERATIVA DE ECONOMIA E CRÉDITO MÚTUO DA ALIANÇA DOS MÉDICOS E DEMAIS PROFISSIONAIS DE NÍVEL SUPERIOR DA ÁREA DE SAÚDE DO VALE DO RIBEIRA - SICREDI VALE DO RIBEIRA;3082697;b3S;;I;2;REGISTRO;SP;03/2006;305;0;0;1.837;619;2.761;0;0;0;0;0;0;0;19;2.780;0;119;2.899;0;431;3.330
COOPERATIVA DE CRÉDITO DOS PEQUENOS EMPRESÁRIOS, MICROEMPRESÁRIOS E MICROEMPREENDEDORES DE MARECHAL CÂNDIDO RONDON - SICOOB MARECHAL;7097064;b3S;;I;2;MARECHAL CANDIDO RONDON;PR;03/2006;468;0;0;0;2.172;2.640;0;0;0;0;0;0;0;0;2.640;0;84;2.724;0;601;3.325
COOPERATIVA DE ECONOMIA E CRÉDITO MÚTUO ALIANÇA;52935442;b3S;;I;2;SAO PAULO;SP;03/2006;0;0;0;0;0;0;0;0;0;0;0;0;0;0;0;0;143;143;0;3.173;3.316
COOPERATIVA DE CRÉDITO MÚTUO DOS SERVIDORES PÚBLICOS DO MUNÍCIPIO DE BAURU - SICOOB CREDISERV;2191265;b3S;;I;2;BAURU;SP;03/2006;125;0;0;0;38;163;0;0;0;0;0;0;0;598;761;0;183;943;0;2.370;3.313
COOPERATIVA DE CRÉDITO RURAL DO PLANALTO SUL - SICOOB/SC - CREDISSERRANA;3033469;b3S;;I;2;LAGES;SC;03/2006;715;0;0;0;1.060;1.776;0;0;0;0;0;0;0;1.068;2.843;0;145;2.988;0;290;3.278
ICATU DISTRIBUIDORA DE TÍTULOS E VALORES MOBILIÁRIOS LTDA.;3282508;n2;;I;2;RIO DE JANEIRO;RJ;03/2006;0;0;0;0;0;0;0;0;0;0;0;0;0;0;0;0;265;265;0;3.011;3.276
COOPERATIVA DE ECONOMIA E CRÉDITO MÚTUO DOS SERVIDORES DO  CORPO DE BOMBEIROS MILITAR DO ESTADO PARÁ LTDA - COOPERBOM;2202150;b3S;;I;2;BELEM;PA;03/2006;0;0;0;0;0;0;0;0;0;0;0;0;0;275;275;0;675;950;0;2.318;3.268
COOPERATIVA DE CRÉDITO RURAL DE GUAPÉ LTDA - SICOOB CREDIGUAPÉ;71009237;b3S;;I;2;GUAPE;MG;03/2006;688;0;0;0;456;1.144;0;0;0;0;0;0;0;1.005;2.149;0;183;2.332;0;935;3.266
APORTE DISTRIBUIDORA DE TÍTULOS E VALORES MOBILIÁRIOS LTDA;62090873;n2;;I;2;BELO HORIZONTE;MG;03/2006;0;0;0;0;0;0;0;0;0;0;0;0;0;0;0;15;2.038;2.053;0;1.180;3.233
COOPERATIVA DE CRÉDITO DOS EMPRESÁRIOS DE UMUARAMA - SICOOB ARENITO;7026923;b3S;;I;2;UMUARAMA;PR;03/2006;658;0;0;0;1.756;2.414;0;0;0;0;0;0;0;0;2.414;0;76;2.490;0;741;3.231
COOPERATIVA DE CREDITO RURAL DE GUACUI - CREDIGUAÇUÍ;32422628;b3S;;I;2;GUACUI;ES;03/2006;254;0;0;0;362;617;0;0;0;0;0;0;0;0;617;0;334;951;0;2.275;3.226
COOPERATIVA DE ECONOMIA E CRÉDITO MÚTUO DOS COLABORADORES DA UNIÃO BRASILEIRA DE EDUCAÇÃO E ENSINO & UNIÃO NORTE BRASILEIRA DE EDUCAÇÃO E CULTURA LTDA.;2588819;b3S;;I;2;BELO HORIZONTE;MG;03/2006;0;0;0;0;0;0;0;0;0;0;0;0;0;0;0;0;699;699;0;2.521;3.220
SOCIALCRED - SOCIEDADE DE CREDITO AO MICROEMPREENDEDOR S.A;4316357;n1;;I;2;RIO DE JANEIRO;RJ;03/2006;0;0;0;0;0;0;0;0;0;0;0;0;0;2.336;2.336;0;44;2.381;0;827;3.208
COOPERATIVA DE ECONOMIA E CRÉDITO MÚTUO DOS EMPREGADOS DA RECKITT BENCKISER;44223196;b3S;;I;2;SAO PAULO;SP;03/2006;0;0;0;0;0;0;0;0;0;0;0;0;0;0;0;0;388;388;0;2.807;3.195
UNICRED VALE JAGUARIBE - COOPERATIVA DE ECONOMIA E CRÉDITO MÚTUO DOS MÉDICOS E DEMAIS PROFISSIONAIS DA SAÚDE DA REGIÃO VALE DO  JAGUARIBE LTDA.;74172685;b3S;;I;2;LIMOEIRO DO NORTE;CE;03/2006;233;0;0;0;1.793;2.026;0;0;0;0;0;0;0;0;2.026;0;232;2.258;0;930;3.188
CENTRAL DAS COOPERATIVAS DE CREDITO MUTUO DO RIO GRANDE DO SUL;3618104;b3C;;I;2;PORTO ALEGRE;RS;03/2006;0;0;0;0;0;0;0;0;0;0;0;0;0;0;0;0;2.351;2.351;0;821;3.172
COOPERATIVA DE ECONOMIA E CRÉDITO MÚTUO DOS FUNCIONÁRIOS DA COMPANHIA PAULISTA DE TRENS METROPOLITANOS;1530136;b3S;;I;2;OSASCO;SP;03/2006;0;0;0;0;0;0;0;0;0;0;0;0;0;0;0;0;177;177;0;2.984;3.161
COOPERATIVA DE CRÉDITO RURAL DO ALTO PAJEÚ - CREDIPAJEÚ LTDA;3732359;b3S;;I;2;SAO JOSE DO EGITO;PE;03/2006;376;0;0;0;1.089;1.464;0;0;0;0;0;0;0;803;2.267;0;174;2.441;0;683;3.125
UNICRED SOBRAL - COOPERATIVA DE ECONOMIA E CRÉDITO MÚTUO DOS  MÉDICOS E DEMAIS PROFISSIONAIS DA SAÚDE DA REGIÃO DE SOBRAL LTDA;86913977;b3S;;I;2;SOBRAL;CE;03/2006;413;0;0;599;1.039;2.051;0;0;0;0;0;0;0;67;2.117;0;197;2.315;0;805;3.120
SUPRA DISTRIBUIDORA DE TÍTULOS E VALORES MOBILIÁRIOS LTDA.;8030140;n2;;I;2;SAO PAULO;SP;03/2006;0;0;0;0;0;0;0;0;0;0;0;0;0;0;0;0;766;766;0;2.350;3.116
NOVA FUTURA DISTRIBUIDORA DE TÍTULOS E VALORES MOBILIÁRIOS LTDA.;4257795;n2;;I;2;SAO PAULO;SP;03/2006;0;0;0;0;0;0;0;0;0;0;0;0;0;0;0;0;1.833;1.833;0;1.268;3.101
COOPERATIVA DE ECONOMIA E CREDITO MUTUO DOS ADVOGADOS DE SANTA CATARINA - OABCRED;5861932;b3S;;I;2;FLORIANOPOLIS;SC;03/2006;634;0;0;46;1.766;2.446;0;0;0;0;0;0;0;0;2.446;0;64;2.510;0;589;3.098
COOPERATIVA DE CRÉDITO DOS PEQUENOS EMPRESÁRIOS, MICROEMPRESÁRIOS E MICROEMPREENDEDORES DO NORTE DE MINAS LTDA - SICOOB CREDINOSSO;6324872;b3S;;I;2;MONTES CLAROS;MG;03/2006;839;0;0;0;1.919;2.757;0;0;0;0;0;0;0;0;2.757;0;122;2.879;0;206;3.085
COOPERATIVA DE ECONOMIA E CREDITO MUTUO DOS LOJISTAS DO VESTUARIO E CONFECÇÕES DE RONDONOPOLIS - CREDLOJA;5247312;b3S;;I;2;RONDONOPOLIS;MT;03/2006;1.119;0;0;1.330;5;2.455;0;0;0;0;0;0;0;5;2.460;0;98;2.558;0;509;3.067
COOPERATIVA DE ECONOMIA E CRÉDITO MÚTUO DOS EMPREGADOS DAS EMPRESAS DA BELGO BEKAERT ARAMES DO ESTADO DE SÃO PAULO;62041603;b3S;;I;2;OSASCO;SP;03/2006;140;0;0;958;0;1.098;0;0;0;0;0;0;0;0;1.098;0;220;1.318;0;1.749;3.067
COOPERATIVA DE ECONOMIA E CREDITO MUTUO DOS SERVIDORES DO PODER LEGISLATIVO DO ESTADO DE MATO GROSSO - CREDLEGIS;4346379;b3S;;I;2;CUIABA;MT;03/2006;307;0;0;0;499;806;0;0;0;0;0;0;0;900;1.706;0;111;1.818;0;1.241;3.058
COOPERATIVA DE ECONOMIA E CRÉDITO MÚTUO DOS COMERCIANTES DE CONFECÇÕES DE  ABAETÉ LTDA;1847467;b3S;;I;2;ABAETE;MG;03/2006;638;0;0;1.466;0;2.103;0;0;0;0;0;0;0;0;2.103;0;181;2.285;0;763;3.047
COOPERATIVA DE ECONOMIA E CRÉDITO MUTUO DOS MEDICOS E DEMAIS PROFISSIONAIS DE NIVEL SUPERIOR DA AREA DE SAUDE DE SALVADOR E REGIAO METROPOLITANA LTDA - CREDMED;7440317;b3S;;I;2;SALVADOR;BA;03/2006;968;0;0;1.654;0;2.622;0;0;0;0;0;0;0;0;2.622;0;114;2.736;0;309;3.045
COOPERATIVA DE ECONOMIA E CRÉDITO MÚTUO DOS SERVIDORES PÚBLICOS MUNICIPAIS EM JOÃO MONLEVADE LTDA.;18310649;b3S;;I;2;JOAO MONLEVADE;MG;03/2006;0;0;0;0;0;0;0;0;0;0;0;0;0;0;0;0;251;251;0;2.779;3.029
COOPERATIVA DE ECONOMIA E CRÉDITO MÚTUO DOS COMERCIANTES DE ARCOS LTDA. - SICOOB ARCOMCREDI;71230338;b3S;;I;2;ARCOS;MG;03/2006;605;0;0;0;1.627;2.232;0;0;0;0;0;0;0;0;2.232;0;115;2.347;0;680;3.027
CREDFAZ   COOPERATIVA DE ECONOMIA E CRÉDITO MÚTUO DOS SERVIDORES PÚBLICOS DO PODER EXECUTIVO DO ESTADO DO CEARÁ, NA REGIÃO METROPOLITANA DE FORTALEZA LTDA.;4428988;b3S;;I;2;FORTALEZA;CE;03/2006;177;0;0;879;615;1.671;0;0;0;0;0;0;0;197;1.868;0;172;2.040;0;986;3.026
PIONEER CORRETORA DE CAMBIO LTDA;69251239;n2;;I;2;SAO PAULO;SP;03/2006;0;0;0;0;0;0;0;0;0;0;0;0;0;0;0;0;1.404;1.404;0;1.612;3.017
COOPERATIVA DE CREDITO RURAL COM INTERACAO SOLIDARIA DE MARMELEIRO - CRESOL MARMELEIRO;971297;b3S;;I;2;MARMELEIRO;PR;03/2006;351;0;0;1.218;1;1.570;0;0;0;0;0;0;0;192;1.762;0;419;2.181;0;832;3.013
COOPERATIVA DE CRÉDITO MÚTUO DOS AGENTES FISCAIS DE RENDAS DO ESTADO DE SÃO PAULO - CREDIFISCO;4546162;b3S;;I;2;SAO PAULO;SP;03/2006;0;0;0;0;16;16;0;0;0;0;0;0;0;0;16;0;163;179;0;2.822;3.000
UNICRED CRATEÚS - COOPERATIVA DE ECONOMIA E CRÉDITO MÚTUO DOS MÉDICOS E DEMAIS PROFISSIONAIS DA SAÚDE DA REGIÃO CRATEÚS LTDA;68389;b3S;;I;2;CRATEUS;CE;03/2006;265;0;0;623;847;1.735;0;0;0;0;0;0;0;0;1.735;0;193;1.928;0;1.050;2.979
COOPERATIVA DE ECONOMIA E CRÉDITO MÚTUO DOS FUNCIONÁRIOS DE PARKER HANNIFIN;45214947;b3S;;I;2;JACAREI;SP;03/2006;0;0;0;0;0;0;0;0;0;0;0;0;0;0;0;0;298;298;0;2.669;2.968
COOPERATIVA DE ECONOMIA E CRÉDITO MÚTUO DOS PEQUENOS EMPRESÁRIOS, MICROEMPRESÁRIOS E MICROEMPREENDEDORES DA GRANDE CURITIBA - SICOOB CURITIBA;5888589;b3S;;I;2;CURITIBA;PR;03/2006;219;0;0;0;2.451;2.670;0;0;0;0;0;0;0;250;2.920;0;170;3.090;0;-139;2.951
POSITIVA DISTRIBUIDORA DE TITULOS E VALORES MOBILIARIOS LTDA;40161713;n2;;I;2;RIO DE JANEIRO;RJ;03/2006;0;0;0;0;0;0;0;0;0;0;0;0;0;0;0;0;300;300;0;2.636;2.937
COOPERATIVA DE ECONOMIA E CREDITO MUTUO DOS FUNCIONARIOS DOS ESTABELECIMENTOS DE ENSINO PARTICULARES DE CUIABA E REGIAO;3791055;b3S;;I;2;CUIABA;MT;03/2006;697;0;0;176;856;1.729;0;0;0;0;0;0;0;210;1.939;0;95;2.034;0;898;2.932
COOPERATIVA DE ECONOMIA E CRÉDITO MÚTUO DOS COMERCIANTES DE FORMIGA LTDA.;66463407;b3S;;I;2;FORMIGA;MG;03/2006;544;0;0;1.843;0;2.387;0;0;0;0;0;0;0;0;2.387;0;98;2.485;0;431;2.916
COOPERATIVA DE ECONOMIA E CRÉDITO MÚTUO DOS SERVIDORES  MUNICIPAIS DE VITÓRIA DA CONQUISTA LTDA;2528151;b3S;;I;2;VITORIA DA CONQUISTA;BA;03/2006;530;0;0;1;207;737;0;0;0;0;0;0;0;316;1.053;0;341;1.394;0;1.483;2.877
COOPERATIVA DE CRÉDITO RURAL DE ALTEROSA LTDA - COOPEROSA;71437123;b3S;;I;2;ALTEROSA;MG;03/2006;261;0;0;0;986;1.247;0;0;0;0;0;0;0;4;1.251;0;610;1.861;0;1.003;2.863
COOPERATIVA DE ECONOMIA E CRÉDITO MÚTUO DOS INTEGRANTES DAS CARREIRAS DE AUDITORIA FISCAL DA RECEITA FEDERAL DO BRASIL, SERVIDORES E FUNCIONÁRIOS DO MIN. DA FAZENDA EM MINAS GERAIS LTDA. - CREDIFISCO;41661984;b3S;;I;2;BELO HORIZONTE;MG;03/2006;0;0;0;620;0;620;0;0;0;0;0;0;0;0;620;0;255;875;0;1.981;2.855
COOPERATIVA DE CRÉDITO MÚTUO DOS EMPREGADOS EM INSTITUIÇÕES DO SISTEMA FINANCEIRO NAS REGIÕES DE SÃO PAULO E CAMPINAS (SP) - CREDISCOOP;3674133;b3S;;I;2;SAO PAULO;SP;03/2006;0;0;0;1.459;0;1.459;0;0;0;0;0;0;0;280;1.739;0;115;1.854;0;988;2.843
COOPERATIVA DE CRÉDITO DOS PEQUENOS EMPRESÁRIOS, MICROEMPRESÁRIOS E MICROEMPREENDEDORES DA REGIÃO METROPOLITANA DE FLORIANÓPOLIS - SICREDI CDLCOOP;4902340;b3S;;I;2;FLORIANOPOLIS;SC;03/2006;900;0;0;0;1.583;2.483;0;0;0;0;0;0;0;0;2.483;0;157;2.640;0;201;2.841
GUITTA CORRETORA DE CAMBIO LTDA.;24074692;n2;;I;2;SAO PAULO;SP;03/2006;0;0;0;0;0;0;0;0;0;0;0;0;0;0;0;0;397;397;0;2.443;2.840
COOPERATIVA DE CRÉDITO RURAL DO SERIDÓ;24210569;b3S;;I;2;CURRAIS NOVOS;RN;03/2006;691;0;0;65;1.050;1.805;0;0;0;0;0;0;0;142;1.948;0;173;2.121;0;705;2.825
COOPERATIVA DE ECONOMIA E CRÉDITO MÚTUO DOS EMPREGADOS DAS EMPRESAS METALÚRGICAS DE OSASCO E REGIÃO - CREDMETAL;3535065;b3S;;I;2;OSASCO;SP;03/2006;141;0;0;648;0;789;0;0;0;0;0;0;0;0;789;0;79;868;0;1.941;2.808
COOPERATIVA DE ECONOMIA E CRÉDITO MÚTUO DOS EMPREGADOS DOS SUPERMERCADOS RUSSI;2230138;b3S;;I;2;JUNDIAI;SP;03/2006;0;0;0;0;0;0;0;0;0;0;0;0;0;0;0;0;153;153;0;2.650;2.803
APEAL - CREDITO IMOBILIARIO S/A;12719654;n1;;I;2;MACEIO;AL;03/2006;0;0;0;0;0;0;0;0;0;0;0;0;0;0;0;0;796;796;0;1.976;2.772
COOPERATIVA DE CREDITO MUTUO DOS ESCRIVAES, NOTARIOS E REGISTRADORES NO ESTADO DO PARANA.;6078926;b3S;;I;2;CURITIBA;PR;03/2006;398;0;0;1.111;760;2.269;0;0;0;0;0;0;0;3;2.272;0;245;2.516;0;252;2.768
J. MALUCELLI CORRETORA DE VALORES LTDA.;76621457;n2;;I;2;CURITIBA;PR;03/2006;0;0;0;0;0;0;0;0;0;0;0;0;0;0;0;0;245;245;0;2.522;2.767
COOPERATIVA DE CRÉDITO RURAL DE RIO BRANCO LTDA.;5439425;b3S;;I;2;RIO BRANCO;AC;03/2006;667;0;0;11;646;1.324;0;0;0;0;0;0;0;0;1.324;0;177;1.501;0;1.265;2.766
COOPERATIVA DE ECONOMIA E CRÉDITO MÚTUO DOS SERVIDORES PÚBLICOS MUNICIPAIS DA REGIÃO METROPOLITANA DE BELÉM LTDA. - CREDBEM;991739;b3S;;I;2;BELEM;PA;03/2006;0;0;0;0;0;0;0;0;0;0;0;0;0;38;38;0;365;403;0;2.356;2.759
COOPERATIVA DE ECONOMIA E CRÉDITO MÚTUO DOS PEQUENOS EMPRESÁRIOS, MICROEMPRESÁRIOS E MICROEMPREENDEDORES DO DISTRITO FEDERAL LTDA - SICOOB CREDIBRASIL;6240505;b3S;;I;2;BRASILIA (SAMAMBAIA);DF;03/2006;380;0;0;0;635;1.015;0;0;0;0;0;0;0;954;1.969;0;63;2.032;0;721;2.752
COOPERATIVA DE CREDITO RURAL COM INTERACAO SOLIDARIA DE CHOPINZINHO - CRESOL CHOPINZINHO;2511232;b3S;;I;2;CHOPINZINHO;PR;03/2006;340;0;0;637;0;977;0;0;0;0;0;0;0;164;1.141;0;489;1.630;0;1.121;2.750
COOPERATIVA DE ECONOMIA E CRÉDITO MÚTUO DOS MÉDICOS E DEMAIS  PROFISSIONAIS DA SAÚDE DE BOA VISTA LTDA;2137018;b3S;;I;2;BOA VISTA;RR;03/2006;447;0;0;1.292;37;1.776;0;0;0;0;0;0;0;0;1.776;0;217;1.993;0;754;2.747
CREDIBEL DISTRIBUIDORA DE TITULOS E VALORES MOBILIARIOS LTDA;1963219;n2;;I;2;SAO PAULO;SP;03/2006;0;0;0;0;0;0;0;0;0;0;0;0;0;0;0;0;702;702;0;2.036;2.738
UNICRED DE ARARUAMA-COOPERATIVA DE ECONOMIA E CREDITO MUTUO DOS MEDICOS E DEMAIS PROFISSIONAIS DE SAUDE DE ARARUAMA LTDA;2466014;b3S;;I;2;ARARUAMA;RJ;03/2006;726;0;0;96;0;822;0;0;0;0;0;0;0;0;822;0;304;1.126;0;1.606;2.732
COOPERATIVA DE ECONOMIA E CRÉDITO MÚTUO DOS FUNCIONÁRIOS DA AGROVALE;1816701;b3S;;I;2;QUIRINOPOLIS;GO;03/2006;228;0;0;642;0;870;0;0;0;0;0;0;0;0;870;0;272;1.142;0;1.586;2.729
COOPERATIVA DE ECONOMIA E CRÉDITO MÚTUO DOS EMPREGADOS EM EMPRESAS DE TELECOMUNICAÇÕES NO NORDESTE - CERTEL LTDA;12928909;b3S;;I;2;JOAO PESSOA;PB;03/2006;304;0;0;0;296;600;0;0;0;0;0;0;0;0;600;0;1.130;1.730;0;994;2.724
COOPERATIVA DE ECONOMIA E CRÉDITO MÚTUO DOS COMERCIANTES CONFECÇÕES GUAXUPÉ LTDA.;1699652;b3S;;I;2;GUAXUPE;MG;03/2006;298;0;0;604;247;1.149;0;0;0;0;0;0;0;0;1.149;0;272;1.421;0;1.301;2.723
COOPERATIVA DE CREDITO MUTUO DOS CIRURGIÕES DENTISTAS E DEMAIS PROFISSIONAIS DA AREA DE SAUDE DO OESTE PAULISTA - ODONTOCRED;4766558;b3S;;I;2;PRESIDENTE PRUDENTE;SP;03/2006;128;0;0;34;1.988;2.150;0;0;0;0;0;0;0;0;2.150;0;71;2.221;0;489;2.710
COOPERATIVA DE ECONOMIA E CREDITO MUTUO DOS SERVIDORES ESTATUTARIOS DA ADMINISTRACAO DIRETA DO ESTADO DO ESPIRITO SANTO - COOPFISCO;2475222;b3S;;I;2;VITORIA;ES;03/2006;44;0;0;559;0;604;0;0;0;0;0;0;0;0;604;0;280;884;0;1.825;2.708
RELIANCE - DISTRIBUIDORA DE TÍTULOS E VALORES MOBILIÁRIOS LTDA.;4215594;n2;;I;2;SAO PAULO;SP;03/2006;0;0;0;0;0;0;0;0;0;0;0;0;0;0;0;0;1.420;1.420;0;1.277;2.697
COOPERATIVA DE ECONOMIA E CRÉDITO MÚTUO DOS FUNCIONÁRIOS DO GRUPO GERDAU - AÇOS FINOS PIRATINI;88952130;b3S;;I;2;CHARQUEADAS;RS;03/2006;0;0;0;0;0;0;0;0;0;0;0;0;0;0;0;0;12;12;0;2.676;2.688
COOPERATIVA DE CRÉDITO RURAL BRUMADENSE LTDA;71717;b3S;;I;2;BRUMADO;BA;03/2006;5.618;0;0;0;0;5.618;0;0;0;0;0;0;0;0;5.618;0;353;5.971;0;-3.285;2.686
COOPERATIVA DE ECONOMIA E CRÉDITO MÚTUO DOS CONTABILISTAS E CORRETORES DE SEGUROS DA GRANDE BELO HORIZONTE LTDA. - SICOOB CREDITABIL;2217068;b3S;;I;2;BELO HORIZONTE;MG;03/2006;483;0;0;0;869;1.353;0;0;0;0;0;0;0;0;1.353;0;180;1.532;0;1.140;2.672
COOPERATIVA DE CRÉDITO RURAL DOS PLANTADORES DE CANA DA REGIÃO DE IGARAPAVA;52623311;b3S;;I;2;IGARAPAVA;SP;03/2006;0;0;0;0;0;0;0;0;0;0;0;0;0;0;0;0;87;87;0;2.583;2.669
COOPERATIVA DE CRÉDITO MÚTUO DOS EMPREGADOS DA PILKINGTON BRASIL;2104058;b3S;;I;2;CACAPAVA;SP;03/2006;0;0;0;0;0;0;0;0;0;0;0;0;0;0;0;0;112;112;0;2.542;2.655
COOPERATIVA DE CREDITO RURAL DA REGIAO DO BOLSAO;4326853;b3S;;I;2;PARANAIBA;MS;03/2006;1.131;0;0;136;616;1.883;0;0;0;0;0;0;0;32;1.915;0;263;2.179;0;475;2.653
COOPERATIVA DE ECONOMIA E CRÉDITO MÚTUO DOS FUNCIONÁRIOS DA MORLAN - CREDMORLAN;731320;b3S;;I;2;ORLANDIA;SP;03/2006;0;0;0;0;0;0;0;0;0;0;0;0;0;0;0;0;130;130;0;2.523;2.653
ESTATER DISTRIBUIDORA DE TÍTULOS E VALORES MOBILIÁRIOS LTDA.;5973229;n2;;I;2;SAO PAULO;SP;03/2006;0;0;0;0;0;0;0;0;0;0;0;0;0;0;0;0;3;3;0;2.647;2.650
COOPERATIVA DE CREDITO RURAL COM INTERACAO SOLIDARIA DE DOIS VIZINHOS - CRESOL DOIS VIZINHOS;971300;b3S;;I;2;DOIS VIZINHOS;PR;03/2006;406;0;0;587;0;993;0;0;0;0;0;0;0;114;1.107;0;510;1.617;0;1.032;2.649
COOPERATIVA DE ECONOMIA E CREDITO MUTUO DOS SERVIDORES DO PODER JUDICIARIO DO RIO GRANDE DO SUL-SICREDIJUSTIÇA;3453295;b3S;;I;2;PORTO ALEGRE;RS;03/2006;361;0;0;0;1.435;1.796;0;0;0;0;0;0;0;25;1.821;0;220;2.041;0;595;2.635
COOPERATIVA DE ECONOMIA E CRÉDITO MÚTUO DOS FUNCIONÁRIOS DO HOSPITAL VERA CRUZ E VERA CRUZ ASSOCIAÇÃO DE SAÚDE;44588366;b3S;;I;2;CAMPINAS;SP;03/2006;0;0;0;0;0;0;0;0;0;0;0;0;0;0;0;0;5;5;0;2.622;2.627
COOPERATIVA DE ECONOMIA E CRÉDITO MÚTUO DOS FUNCIONÁRIOS DA ASSEMBLÉIA LEGISLATIVA DO ESTADO DA PARAÍBA LTDA. -  COOPERLEGIS;41146382;b3S;;I;2;JOAO PESSOA;PB;03/2006;0;0;0;226;0;226;0;0;0;0;0;0;0;0;226;0;275;501;0;2.118;2.619
COOPERATIVA DE CRÉDITO RURAL DE TAMBAU;3442542;b3S;;I;2;TAMBAU;SP;03/2006;395;0;0;1.326;0;1.721;0;0;0;0;0;0;0;283;2.004;0;148;2.152;0;460;2.612
COOPERATIVA DE ECONOMIA E CRÉDITO MÚTUO DOS PROFISSIONAIS DA ÁREA DE SAÚDE DE PIRACICABA E REGIÃO;2072790;b3S;;I;2;PIRACICABA;SP;03/2006;447;0;0;1.449;59;1.956;0;0;0;0;0;0;0;0;1.956;0;40;1.996;0;591;2.586
PREVIBANK S/A CORRETORA DE CAMBIO E VALORES MOBILIÁRIOS;6917793;n2;;I;2;FORTALEZA;CE;03/2006;0;0;0;0;0;0;0;0;0;0;0;0;0;0;0;37;1.101;1.138;0;1.447;2.585
COOPERATIVA DE ECONOMIA E CREDITO MUTUO DOS SERVIDORES DO PODER JUDICIARIO FEDERAL E MINISTÉRIO PÚBLICO DA UNIÃO NO ESTADO DE MATO GROSSO - COOPERJUS;2234924;b3S;;I;2;CUIABA;MT;03/2006;292;0;0;893;0;1.185;0;0;0;0;0;0;0;3;1.188;0;186;1.374;0;1.196;2.570
COOPERATIVA DE CRÉDITO RURAL COM INTERAÇÃO SOLIDÁRIA DE SANTIAGO DO SUL - CRESOL SANTIAGO;3661027;b3S;;I;2;SANTIAGO DO SUL;SC;03/2006;262;0;0;1.033;0;1.295;0;0;0;0;0;0;0;21;1.316;0;695;2.011;0;558;2.568
ADVALOR DISTRIBUIDORA DE TÍTULOS E VALORES MOBILIÁRIOS LTDA;33824012;n2;;I;2;RIO DE JANEIRO;RJ;03/2006;0;0;0;0;0;0;0;0;0;0;0;0;0;0;0;0;178;178;0;2.381;2.559
COOPERATIVA DE CRÉDITO RURAL DA BAIXA MOGIANA;3319911;b3S;;I;2;MOGI-MIRIM;SP;03/2006;550;0;0;0;912;1.462;0;0;0;0;0;0;0;400;1.862;0;20;1.882;0;662;2.544
COOPERATIVA DE ECONOMIA E CRÉDITO MÚTUO DOS EMPREGADOS DAS EMPRESAS SIDERÚRGICAS, METALÚRGICAS E ELETRO-MECÂNICAS DE JOÃO MONLEVADE LTDA. - CREDIBELGO;24235459;b3S;;I;2;JOAO MONLEVADE;MG;03/2006;0;0;0;125;0;125;0;0;0;0;0;0;0;0;125;0;167;292;0;2.247;2.538
ESCRITORIO RUY LAGE SOCIEDADE CORRETORA DE TITULOS LTDA;17305319;n2;;I;2;BELO HORIZONTE;MG;03/2006;0;0;0;0;0;0;0;0;0;0;0;0;0;0;0;0;1.296;1.296;0;1.242;2.538
COOPERATIVA DE CREDITO RURAL ITABATÃ LTDA - SICOOB ITABATÃ.;4007201;b3S;;I;2;MUCURI;BA;03/2006;683;0;0;0;460;1.144;0;0;0;0;0;0;0;0;1.144;0;185;1.329;0;1.209;2.538
COOPERATIVA DE ECONOMIA E CRÉDITO MÚTUO DOS SERVIDORES EM SEGURANCA PÚBLICA DO ESTADO DO ACRE - SICOOB CREDMAC;3528402;b3S;;I;2;RIO BRANCO;AC;03/2006;419;0;0;586;6;1.010;0;0;0;0;0;0;0;203;1.213;0;152;1.365;0;1.172;2.538
COOPERATIVA DE ECONOMIA E CREDITO MUTUO DOS SERVIDORES DA COMLURB LTDA;29341260;b3S;;I;2;RIO DE JANEIRO;RJ;03/2006;0;0;0;0;0;0;0;0;0;0;0;0;0;134;134;0;238;373;0;2.158;2.531
COOPERATIVA DE ECONOMIA E CRÉDITO MÚTUO DOS MÉDICOS E DEMAIS PROFISSIONAIS DE SAÚDE DE CABO FRIO LTDA. -UNICRED DE CABO FRIO;2214201;b3S;;I;2;CABO FRIO;RJ;03/2006;808;0;0;446;0;1.255;0;0;0;0;0;0;0;0;1.255;0;123;1.377;0;1.153;2.530
FRAÇÃO DISTRIBUIDORA DE TÍTULOS E VALORES MOBILIÁRIOS LTDA;64414832;n2;;I;2;BELO HORIZONTE;MG;03/2006;0;0;0;0;0;0;0;0;0;0;0;0;0;0;0;0;100;100;0;2.425;2.525
LEVYCAM - CORRETORA DE CAMBIO E VALORES LTDA.;50579044;n2;;I;2;SANTOS;SP;03/2006;0;0;0;0;0;0;0;0;0;0;0;0;0;0;0;0;449;449;0;2.073;2.522
COOPERATIVA DE ECONOMIA E CRÉDITO MÚTUO DA ALIANÇA DOS PROFISSIONAIS DA ÁREA DE SAÚDE DA REGIÃO DE SÃO ROQUE - SICOOB ALCOOP SÃO ROQUE;4093627;b3S;;I;2;SAO ROQUE;SP;03/2006;167;0;0;0;1.343;1.510;0;0;0;0;0;0;0;0;1.510;0;140;1.650;0;859;2.509
MAPFRE DISTRIBUIDORA  DE TÍTULOS E VALORES MOBILIÁRIOS S/A;4160039;n2;;I;3;SAO PAULO;SP;03/2006;0;0;0;0;0;0;0;0;0;0;0;0;0;0;0;0;148;148;0;2.356;2.504
COMEX CORRETORA DE CAMBIO,TITULOS E VALORES MOBILIARIOS LTDA;24523649;n2;;I;2;NATAL;RN;03/2006;0;0;0;0;0;0;0;0;0;0;0;0;0;12;12;0;1.941;1.953;0;550;2.503
CIBRASEC - DISTRIBUIDORA DE TÍTULOS E VALORES MOBILIÁRIOS S.A.;5313386;n2;;I;2;SAO PAULO;SP;03/2006;0;0;0;0;0;0;0;0;0;0;0;0;0;0;0;0;40;40;0;2.446;2.486
COOPERATIVA DE ECONOMIA E CREDITO MUTUO DOS FUNCIONARIOS DO GRUPO VONPAR LTDA;89523518;b3S;;I;2;PORTO ALEGRE;RS;03/2006;0;0;0;0;0;0;0;0;0;0;0;0;0;0;0;0;73;73;0;2.410;2.483
DOMINIO SA DISTRIBUIDORA DE TITULOS E VALORES MOBILIARIOS;60925989;n2;;I;2;SAO PAULO;SP;03/2006;0;0;0;0;0;0;0;0;0;0;0;0;0;0;0;0;879;879;0;1.596;2.474
ELTA S/A - DISTRIBUIDORA DE TITULOS E VALORES MOBILIARIOS;62533864;n2;;I;2;NITEROI;RJ;03/2006;0;0;0;0;0;0;0;0;0;0;0;0;0;0;0;0;20;20;0;2.446;2.465
COOPERATIVA DE CRÉDITO MÚTUO DOS POLICIAIS FEDERAIS EM MINAS GERAIS - FEDERALCRED;5369422;b3S;;I;2;BELO HORIZONTE;MG;03/2006;33;0;0;1.117;2;1.152;0;0;0;0;0;0;0;203;1.355;0;482;1.838;0;627;2.464
COOPERATIVA DE CREDITO RURAL COM INTERACAO SOLIDARIA DE CORONEL VIVIDA - CRESOL CORONEL VIVIDA;2446089;b3S;;I;2;CORONEL VIVIDA;PR;03/2006;222;0;0;759;0;980;0;0;0;0;0;0;0;93;1.074;0;452;1.526;0;937;2.463
COOPERATIVA DE ECONOMIA E CREDITO MUTUO DOS FUNCIONARIOS DA PERPART - COOPEMATER;11356599;b3S;;I;2;RECIFE;PE;03/2006;0;0;0;0;0;0;0;0;0;0;0;0;0;0;0;0;122;122;0;2.337;2.458
COOPERATIVA DE ECONOMIA E CREDITO MUTUO DOS SERVIDORES DA UNIVERSIDADE FEDERAL FLUMINENSE LTDA;29283884;b3S;;I;2;NITEROI;RJ;03/2006;0;0;0;0;0;0;0;0;0;0;0;0;0;0;0;0;1.270;1.270;0;1.186;2.456
COOPERATIVA DE ECONOMIA E CRÉDITO MÚTUO DOS FUNCIONÁRIOS DA COMIGO;1062439;b3S;;I;2;RIO VERDE;GO;03/2006;0;0;0;0;0;0;0;0;0;0;0;0;0;0;0;0;268;268;0;2.181;2.449
CREDFAZ MANAUS - COOPERATIVA DE ECONOMIA E CRÉDITO MÚTUO DOS SERVIDORES DA SECRETARIA DA FAZENDA DO ESTADO DO AMAZONAS EM MANAUS LTDA;5580585;b3S;;I;2;MANAUS;AM;03/2006;185;0;0;1.326;0;1.512;0;0;0;0;0;0;0;0;1.512;0;47;1.559;0;890;2.449
DEBONI CORRETORA-CÂMBIO E VALORES MOBILIÁRIOS LTDA.;77162881;n2;;I;2;CURITIBA;PR;03/2006;0;0;0;0;0;0;0;0;0;0;0;0;0;0;0;0;97;97;0;2.351;2.448
COOPERATIVA DE CREDITO RURAL COM INTERACAO SOLIDARIA DE ARATIBA-CRESOL ARATIBA;4565791;b3S;;I;2;ARATIBA;RS;03/2006;104;0;0;1.500;0;1.604;0;0;0;0;0;0;0;255;1.858;0;156;2.014;0;427;2.442
UNITAS DISTRIBUIDORA DE TITULOS E VALORES MOBILIARIOS S.A.;44077014;n2;;I;2;SAO PAULO;SP;03/2006;0;0;0;0;0;0;0;0;0;0;0;0;0;0;0;0;829;829;0;1.558;2.387
DADALTO DISTRIBUIDORA DE TITULOS E VALORES MOBILIARIOS LTDA;92775964;n2;;I;2;VITORIA;ES;03/2006;0;0;0;0;0;0;0;0;0;0;0;0;0;0;0;0;489;489;0;1.898;2.387
COOPERATIVA DE ECONOMIA E CRÉDITO MÚTUO DOS SERVIDORES DO PODER EXECUTIVO FEDERAL DO ESTADO DE RONDÔNIA;3497143;b3S;;I;2;PORTO VELHO;RO;03/2006;87;0;0;0;163;250;0;0;0;0;0;0;0;191;441;0;182;623;0;1.762;2.385
COOPERATIVA DE ECONOMIA E CRÉDITO MÚTUO DOS FUNCIONÁRIOS DA ACUMENT BRASIL;45068632;b3S;;I;2;SAO PAULO;SP;03/2006;0;0;0;148;0;148;0;0;0;0;0;0;0;0;148;0;116;263;0;2.120;2.383
COOPERATIVA DE ECONOMIA E CRÉDITO MÚTUO DOS INTEGRANTES DAS CARREIRAS JURÍDICAS E DOS SERVENTUÁRIOS DE ÓRGÃOS DA JUSTIÇA E AFINS NO ESTADO DE RONDONIA - CREDJURD;4751713;b3S;;I;2;PORTO VELHO;RO;03/2006;118;0;0;453;1.042;1.613;0;0;0;0;0;0;0;50;1.663;0;73;1.736;0;647;2.382
COOPERATIVA DE ECONOMIA E CRÉDITO MÚTUO DOS FUNCIONÁRIOS DO GRUPO AVIBRAS;43268960;b3S;;I;2;JACAREI;SP;03/2006;0;0;0;0;0;0;0;0;0;0;0;0;0;0;0;0;66;66;0;2.301;2.366
COOPERATIVA DE CRÉDITO RURAL COM INTERAÇÃO SOLIDÁRIA DE SANANDUVA - CRESOL SANANDUVA;5863726;b3S;;I;2;SANANDUVA;RS;03/2006;143;0;0;1.125;0;1.268;0;0;0;0;0;0;0;481;1.749;0;86;1.835;0;528;2.363
COOPERATIVA DE CRÉDITO DOS FUNCIONÁRIOS DA TORTUGA;2498151;b3S;;I;2;SAO PAULO;SP;03/2006;0;0;0;0;0;0;0;0;0;0;0;0;0;0;0;0;121;121;0;2.236;2.358
FINAMBRÁS - CORRETORA DE CÂMBIO, TÍTULOS E VALORES MOBILIÁRIOS LTDA.;35594001;n2;;I;2;SAO PAULO;SP;03/2006;0;0;0;0;0;0;0;0;0;0;0;0;0;0;0;0;785;785;0;1.566;2.351
DILLON S/A DISTRIBUIDORA DE TITULOS E VALORES MOBILIARIOS;33851064;n2;;I;2;RIO DE JANEIRO;RJ;03/2006;0;0;0;0;0;0;0;0;0;0;0;0;0;0;0;0;998;998;0;1.350;2.349
NOMINAL DISTRIBUIDORA DE TITULOS E VALORES MOBILIARIOS LTDA;76637263;n2;;I;2;RIO DE JANEIRO;RJ;03/2006;0;0;0;0;0;0;0;0;0;0;0;0;0;0;0;0;90;90;0;2.255;2.345
JOHN DEERE DISTRIBUIDORA DE TÍTULOS E VALORES MOBILIÁRIOS LTDA.;87963450;n2;;I;3;PORTO ALEGRE;RS;03/2006;0;0;0;0;0;0;0;0;0;0;0;0;0;0;0;0;95;95;0;2.250;2.345
COOPERATIVA DE CRÉDITO MÚTUO DOS FUNCIONÁRIOS DAS EMPRESAS FERROVIÁRIAS NO ESTADO DE SÃO PAULO;53932869;b3S;;I;2;OSASCO;SP;03/2006;0;0;0;0;0;0;0;0;0;0;0;0;0;0;0;0;100;100;0;2.239;2.339
COOPERATIVA DE CRÉDITO RURAL COM INTERAÇÃO SOLIDÁRIA DE DONA EMMA - CRESOL DONA EMMA;4261151;b3S;;I;2;DONA EMMA;SC;03/2006;276;0;0;1.226;0;1.502;0;0;0;0;0;0;0;215;1.718;0;143;1.860;0;463;2.323
COOPERATIVA DE ECONOMIA E CRÉDITO MÚTUO DOS FUNCIONÁRIOS DAS EMPRESAS ITAÚ;43446335;b3S;;I;2;SAO PAULO;SP;03/2006;0;0;0;0;0;0;0;0;0;0;0;0;0;0;0;0;117;117;0;2.205;2.322
COOPERATIVA DE ECONOMIA E CRÉDITO MÚTUO DOS COMERCIANTES DE PEÇAS E SERVIÇOS PARA VEÍCULOS DE TEIXEIRA DE FREITAS - SICOOB COMÉRCIO;4594095;b3S;;I;2;TEIXEIRA DE FREITAS;BA;03/2006;661;0;0;0;522;1.182;0;0;0;0;0;0;0;0;1.182;0;53;1.236;0;1.085;2.321
COOPERATIVA DE ECONOMIA E CRÉDITO MÚTUO DOS SERVIDORES DO DEPARTAMENTO DE POLÍCIA FEDERAL E DEMAIS SERVIDORES PÚBLICOS DA UNIÃO,NO ESTADO DO ESPÍRITO SANTO - FEDERALCRED/ES.;2083914;b3S;;I;2;VITORIA;ES;03/2006;156;0;0;0;710;866;0;0;0;0;0;0;0;18;884;0;318;1.202;0;1.111;2.313
COOPERATIVA DE CRÉDITO DOS EMPREGADOS DO GRUPO COPERSUCAR E CTC - UNICOPER;977212;b3S;;I;2;SAO PAULO;SP;03/2006;0;0;0;0;0;0;0;0;0;0;0;0;0;0;0;0;126;126;0;2.178;2.304
PERNAMBUCANAS DISTRIBUIDORA DE TÍTULOS E VALORES MOBILIÁRIOS LTDA.;33957838;n2;;I;2;SAO PAULO;SP;03/2006;0;0;0;0;0;0;0;0;0;0;0;0;0;0;0;0;45;45;0;2.256;2.301
COOPERATIVA DE CRÉDITO DOS EMPRESÁRIOS DOS CAMPOS GERAIS - SICOOB CAMPOS GERAIS;7373211;b3S;;I;2;PONTA GROSSA;PR;03/2006;204;0;0;0;1.431;1.635;0;0;0;0;0;0;0;4;1.639;0;66;1.705;0;593;2.298
COOPERATIVA DE CREDITO RURAL DE RIO RUFINO - SICOOB/SC CREDIUNIÃO;2448839;b3S;;I;2;RIO RUFINO;SC;03/2006;317;0;0;0;278;595;0;0;0;0;0;0;0;1.125;1.720;0;101;1.821;0;471;2.291
COOPERATIVA DE ECONOMIA E CRÉDITO MÚTUO DOS EMPREGADOS DA MONSANTO;59133793;b3S;;I;2;SAO PAULO;SP;03/2006;0;0;0;0;0;0;0;0;0;0;0;0;0;0;0;0;142;142;0;2.131;2.273
COOPERATIVA DE CRÉDITO DOS FUNCIONÁRIOS DA AKZO NOBEL-TINTAS - COOPCOATINGS;1649872;b3S;;I;2;SAO PAULO;SP;03/2006;0;0;0;0;0;0;0;0;0;0;0;0;0;0;0;0;179;179;0;2.089;2.269
COOPERATIVA DE CREDITO RURAL DE VOLTA REDONDA LTDA;254908;b3S;;I;2;VOLTA REDONDA;RJ;03/2006;445;0;0;1.068;105;1.617;0;0;0;0;0;0;0;0;1.617;0;414;2.032;0;218;2.250
COOPERATIVA DE ECONOMIA E CRÉDITO MÚTUO DOS BANCÁ-RIOS E ECONOMIÁRIOS DA GRANDE FLORIANÓPOLIS E DO VALE DO RIO CAMBORIÚ-CREDIBAN;4254102;b3S;;I;2;FLORIANOPOLIS;SC;03/2006;333;0;0;0;1.320;1.653;0;0;0;0;0;0;0;0;1.653;0;58;1.711;0;531;2.242
COOPERATIVA DE CRÉDITO MÚTUO DOS DENTISTAS E DEMAIS PROFISSIONAIS DA SAÚDE DE SÃO CARLOS - SICREDI SÃO CARLOS SP;4853988;b3S;;I;2;SAO CARLOS;SP;03/2006;171;0;0;1.536;0;1.707;0;0;0;0;0;0;0;0;1.707;0;62;1.769;0;450;2.219
COOPERATIVA DE CRÉDITO RURAL COM INTERAÇÃO SOLIDÁRIA DE XAXIM-CRESOL XAXIM;3965737;b3S;;I;2;XAXIM;SC;03/2006;175;0;0;1.132;0;1.307;0;0;0;0;0;0;0;16;1.323;0;594;1.917;0;296;2.213
COOPERATIVA DE ECONOMIA E CRÉDITO DOS EMPREGADOS DA PETROBRÁS - PETROCRED;953908;b3S;;I;2;SAO PAULO;SP;03/2006;0;0;0;1.526;0;1.526;0;0;0;0;0;0;0;0;1.526;0;104;1.630;0;576;2.206
COOPERATIVA DE ECONOMIA E CRÉDITO MÚTUO DOS SERVIDORES DA FACULDADE DE ENGENHARIA DE ILHA SOLTEIRA - COOPERFEIS;96409263;b3S;;I;2;ILHA SOLTEIRA;SP;03/2006;0;0;0;0;0;0;0;0;0;0;0;0;0;0;0;0;85;85;0;2.103;2.188
FORTE S.A. CORRETORA DE CÂMBIO, TÍTULOS E VALORES MOBILIÁRIOS;73004749;n2;;I;2;SAO PAULO;SP;03/2006;0;0;0;0;0;0;0;0;0;0;0;0;0;0;0;0;759;759;0;1.424;2.184
J. G. OLIVEIRA CORRETOR DE CAMBIO TITULOS E VAL MOBILIARIOS;7262108;n2;;I;2;FORTALEZA;CE;03/2006;0;0;0;0;0;0;0;0;0;0;0;0;0;0;0;0;56;56;0;2.123;2.178
C & D DISTRIBUIDORA DE TITULOS E VALORES MOBILIARIOS LTDA;82016270;n2;;I;2;CURITIBA;PR;03/2006;0;0;0;0;0;0;0;0;0;0;0;0;0;0;0;0;1.111;1.111;0;1.058;2.169
COOPERATIVA DE ECONOMIA E CRÉDITO MÚTUO DOS EMPREGADOS DA TAKATA-PETRI;47944277;b3S;;I;2;JUNDIAI;SP;03/2006;0;0;0;0;0;0;0;0;0;0;0;0;0;0;0;0;200;200;0;1.950;2.150
COOPERATIVA DE ECONOMIA E CREDITO MUTUO DOS TRABALHADORES PORTUARIOS ESTIVADORES DA GRANDE VITORIA-CREDESTIVA;3844699;b3S;;I;2;VITORIA;ES;03/2006;126;0;0;277;0;404;0;0;0;0;0;0;0;0;404;0;262;666;0;1.479;2.145
COOPERATIVA DE CREDITO RURAL COM INTERAÇÃO SOLIDÁRIA. DE JACUTINGA - CRESOL JACUTINGA;2904125;b3S;;I;2;JACUTINGA;RS;03/2006;257;0;0;727;0;984;0;0;0;0;0;0;0;186;1.170;0;257;1.426;0;718;2.145
COOPERATIVA DE ECONOMIA E CREDITO MUTUO DOS COMERCIANTES VEÍCULOS E DE PEÇAS E ACESSÓRIOS PARA VEÍCULOS DE PORTO ALEGRE E REGIÃO METROPOLITANA - SIVEICRED;3653959;b3S;;I;2;PORTO ALEGRE;RS;03/2006;221;0;0;586;0;807;0;0;0;0;0;0;0;520;1.328;0;68;1.396;0;748;2.144
COOPERATIVA DE ECONOMIA E CRÉDITO MÚTUO DOS FUNCIONÁRIOS DA GERDAU S.A. - UNIDADE MOGI DAS CRUZES;52575206;b3S;;I;2;MOGI DAS CRUZES;SP;03/2006;0;0;0;0;0;0;0;0;0;0;0;0;0;0;0;0;38;38;0;2.103;2.140
COOPERATIVA DE ECONOMIA E CRÉDITO MÚTUO DOS FUNCIONÁRIOS DO GRUPO LORENZETTI;44905255;b3S;;I;2;SAO PAULO;SP;03/2006;0;0;0;0;0;0;0;0;0;0;0;0;0;0;0;0;163;163;0;1.972;2.135
COOPERATIVA DE CRÉDITO RURAL DE MAIRI LTDA - SICOOB - COOPEMAR;4174720;b3S;;I;2;MAIRI;BA;03/2006;560;0;0;0;737;1.297;0;0;0;0;0;0;0;57;1.354;0;96;1.450;0;683;2.133
COOPERATIVA DE ECONOMIA E CRÉDITO MÚTUO DOS TRABALHADORES NA EXTRAÇÃO, BENEFICIAMENTO E TRANSPORTE DE ARDÓSIA DA REGIÃO CENTRO OESTE DO ESTADO DE MINAS GERAIS LTDA. - ARDOCREDI;5735447;b3S;;I;2;PAPAGAIOS;MG;03/2006;894;0;0;0;615;1.509;0;0;0;0;0;0;0;0;1.509;0;84;1.593;0;535;2.128
DOURADA CORRETORA DE CAMBIO E VALORES MOBILIARIOS LTDA.;76641497;n2;;I;2;CURITIBA;PR;03/2006;0;0;0;0;0;0;0;0;0;0;0;0;0;0;0;0;87;87;0;2.041;2.127
COOPERATIVA DE ECONOMIA E CREDITO MUTUO DOS FUNCIONARIOS DE INSTITUICOES FINANCEIRAS PUBLICAS NO ESTADO DO ESPIRITO SANTO - CREDBRASIL-ES;2869663;b3S;;I;2;VITORIA;ES;03/2006;0;0;0;768;0;768;0;0;0;0;0;0;0;0;768;0;349;1.116;0;1.009;2.125
AUREUM SOCIEDADE CORRETORA DE CÂMBIO E VALORES MOBILIÁRIOS LTDA.;76645704;n2;;I;2;CURITIBA;PR;03/2006;0;0;0;0;0;0;0;0;0;0;0;0;0;0;0;0;832;832;0;1.280;2.113
COOPERATIVA DE ECONOMIA E CREDITO MUTUO DOS SERVIDORES PUBLICOS MUNICIPAIS DE ITAJAI - ITACREDI;5335851;b3S;;I;2;ITAJAI;SC;03/2006;407;0;0;0;533;939;0;0;0;0;0;0;0;427;1.366;0;120;1.486;0;620;2.106
COOPERATIVA DE CREDITO RURAL COM INTERACAO SOLIDARIA DE NOVA PRATA DO IGUACU - CRESOL NOVA PRATA DO IGUACU;3014407;b3S;;I;2;NOVA PRATA DO IGUACU;PR;03/2006;246;0;0;486;0;733;0;0;0;0;0;0;0;79;812;0;408;1.220;0;882;2.102
COOPERATIVA DE CRÉDITO DOS EMPRESÁRIOS DE TELÊMACO BORBA - SICOOB CENTRO LESTE;7458684;b3S;;I;2;TELEMACO BORBA;PR;03/2006;386;0;0;0;1.309;1.695;0;0;0;0;0;0;0;0;1.695;0;59;1.754;0;343;2.097
COOPERATIVA DE ECONOMIA E CRÉDITO MÚTUO DOS COMERCIANTES DE CONFECÇÕES DO SERTÃO DE MINAS GERAIS LTDA. - SICOOB SERTÃO MINAS;1667352;b3S;;I;2;VARZEA DA PALMA;MG;03/2006;911;0;0;524;56;1.491;0;0;0;0;0;0;0;0;1.491;0;141;1.632;0;461;2.093
BANEX DISTRIBUIDORA DE TÍTULOS E VALORES MOBILIÁRIOS LTDA.;61679874;n2;;I;2;SAO PAULO;SP;03/2006;0;0;0;0;0;0;0;0;0;0;0;0;0;0;0;0;186;186;0;1.907;2.093
COOPERATIVA DE ECONOMIA E CREDITO MUTUO GERMER;82133182;b3S;;I;2;TIMBO;SC;03/2006;418;0;0;0;1.272;1.690;0;0;0;0;0;0;0;0;1.690;0;81;1.771;0;321;2.093
TATICA S.A. - DISTRIBUIDORA DE TITULOS E VALORES MOBILIARIOS;66616632;n2;;I;2;SAO PAULO;SP;03/2006;0;0;0;0;0;0;0;0;0;0;0;0;0;0;0;0;198;198;0;1.894;2.092
COOPERATIVA DE ECONOMIA E CRÉDITO MÚTUO DOS FUNCIONÁRIOS DA CAROL - COOPERCAROL;57987273;b3S;;I;2;ORLANDIA;SP;03/2006;0;0;0;0;0;0;0;0;0;0;0;0;0;0;0;0;94;94;0;1.994;2.088
COOPERATIVA DE CRÉDITO DOS EMPREGADOS DAS EMPRESAS DO GRUPPO M&G NO BRASIL;62605290;b3S;;I;2;POCOS DE CALDAS;MG;03/2006;0;0;0;0;0;0;0;0;0;0;0;0;0;0;0;0;131;131;0;1.956;2.087
COOPERATIVA DE CREDITO RURAL DE VASSOURAS LTDA.;254909;b3S;;I;2;VASSOURAS;RJ;03/2006;438;0;0;460;0;898;0;0;0;0;0;0;0;240;1.139;0;113;1.251;0;830;2.081
COOPERATIVA DE CREDITO RURAL COM INTERACAO SOLIDARIA DE VERE - CRESOL VERE;3348165;b3S;;I;2;VERE;PR;03/2006;352;0;0;494;0;846;0;0;0;0;0;0;0;197;1.042;0;356;1.398;0;678;2.077
COOPERATIVA DE ECONOMIA E CREDITO MUTUO DOS EMPREGADOS DA ENERSUL;15549124;b3S;;I;2;CAMPO GRANDE;MS;03/2006;0;0;0;0;0;0;0;0;0;0;0;0;0;0;0;0;56;56;0;2.020;2.076
COOPERATIVA DE ECONOMIA E CRÉDITO MÚTUO DOS SERVIDORES MUNICIPAIS DE POÇOS DE CALDAS LTDA. - COOPOÇOS;41791005;b3S;;I;2;POCOS DE CALDAS;MG;03/2006;6;0;0;1.190;0;1.196;0;0;0;0;0;0;0;62;1.258;0;151;1.408;0;668;2.076
COOPERATIVA DE ECONOMIA E CRÉDITO MÚTUO DOS EMPREGADOS DA COMPANHIA BRASILEIRA DE METALURGIA E MINERAÇÃO LTDA.;18140913;b3S;;I;2;ARAXA;MG;03/2006;0;0;0;0;0;0;0;0;0;0;0;0;0;300;300;0;31;331;0;1.741;2.071
COOPERATIVA DE ECONOMIA E CREDITO MUTUO DOS EMPREGADOS DA NOVA AMERICA LTDA.;29770310;b3S;;I;2;DUQUE DE CAXIAS;RJ;03/2006;0;0;0;4;0;4;0;0;0;0;0;0;0;1.657;1.661;0;76;1.737;0;330;2.067
COOPERATIVA DE CREDITO RURAL COM INTERACAO SOLIDARIA DE PORTO XAVIER-CRESOL PORTO XAVIER;5442759;b3S;;I;2;PORTO XAVIER;RS;03/2006;114;0;0;922;0;1.036;0;0;0;0;0;0;0;346;1.382;0;142;1.525;0;539;2.064
COOPERATIVA DE ECONOMIA E CRÉDITO MÚTUO DOS FUNCIONÁRIOS PÚBLICOS MUNICIPAIS DE ITAPIRA;2115870;b3S;;I;2;ITAPIRA;SP;03/2006;0;0;0;0;0;0;0;0;0;0;0;0;0;106;106;0;114;219;0;1.844;2.063
COOPERATIVA DE CREDITO RURAL COM INTERACAO SOLIDARIA DE GETULIO VARGAS-CRESOL GETÚLIO VARGAS;5241145;b3S;;I;2;GETULIO VARGAS;RS;03/2006;177;0;0;745;0;923;0;0;0;0;0;0;0;460;1.382;0;86;1.469;0;582;2.051
COOPERATIVA DE CRÉDITO MÚTUO DOS COMERCIANTES DE VEÍCULOS, PEÇAS E ACESSÓRIOS PARA VEÍCULOS DE CURITIBA E REGIÃO - SICREDI SINCOCRED;7070495;b3S;;I;2;CURITIBA;PR;03/2006;331;0;0;0;1.311;1.642;0;0;0;0;0;0;0;1;1.642;0;71;1.713;0;331;2.044
JURISCRED - COOPERATIVA DE ECONOMIA E CRÉDITO MÚTUO DOS MAGISTRADOS E SERVIDORES DO PODER JUDICIÁRIO E ÓRGÃOS JURÍDICOS ESTADUAIS E FEDERAIS NA GRANDE TERESINA;5477038;b3S;;I;2;TERESINA;PI;03/2006;434;0;0;548;323;1.305;0;0;0;0;0;0;0;0;1.305;0;52;1.357;0;676;2.033
COOPERATIVA DE ECONOMIA E CRÉDITO MÚTUO DOS FUNCIONÁRIOS DO GRUPO COMOLATTI - SÃO PAULO;47196084;b3S;;I;2;SAO PAULO;SP;03/2006;0;0;0;0;0;0;0;0;0;0;0;0;0;0;0;0;110;110;0;1.923;2.033
COOPERATIVA DE CREDITO RURAL COM INTERACAO SOLIDARIA DE DIONISIO CERQUEIRA-CRESOL DIONÍSIO CERQUEIRA;2844024;b3S;;I;2;DIONISIO CERQUEIRA;SC;03/2006;496;0;0;566;0;1.061;0;0;0;0;0;0;0;366;1.427;0;159;1.586;0;444;2.030
COOPERATIVA DE CREDITO RURAL COM INTERAÇÃO SOLIDÁRIA. DE TENENTE PORTELA - CRESOL TENENTE PORTELA;4622657;b3S;;I;2;TENENTE PORTELA;RS;03/2006;119;0;0;1.045;0;1.164;0;0;0;0;0;0;0;289;1.453;0;78;1.531;0;492;2.023
COOPERATIVA DE ECONOMIA E CRÉDITO MÚTUO DOS FUNCIONÁRIOS DO GRUPO JAL LTDA.;5548335;b3S;;I;2;SAO JOAO DE MERITI;RJ;03/2006;2;0;0;66;0;68;0;0;0;0;0;0;0;0;68;0;251;319;0;1.701;2.020
BVL CORRETORA DE VALORES  LTDA;17311705;n2;;I;2;BELO HORIZONTE;MG;03/2006;0;0;0;0;0;0;0;0;0;0;0;0;0;0;0;0;1.172;1.172;0;845;2.018
COOPERATIVA DE ECONOMIA E CREDITO MUTUO DOS PROFISSIONAIS DA CONTABILIDADE DE CUIABA;2861211;b3S;;I;2;CUIABA;MT;03/2006;220;0;0;1.007;0;1.227;0;0;0;0;0;0;0;606;1.833;0;48;1.881;0;136;2.017
COOPERATIVA DE ECONOMIA E CRÉDITO MÚTUO DOS FUNCIONÁRIOS DA PARMALAT;44830636;b3S;;I;2;ARACATUBA;SP;03/2006;0;0;0;0;0;0;0;0;0;0;0;0;0;100;100;0;80;180;0;1.834;2.014
ELETROCRED - COOPERATIVA DE ECONOMIA E CRÉDITO MÚTUO DOS  EMPREGADOS DA ELETRONORTE LTDA;1042487;b3S;;I;2;BELEM;PA;03/2006;0;0;0;0;400;400;0;0;0;0;0;0;0;0;400;0;163;563;0;1.439;2.002
ICARO CORRETORA DE CAMBIO LTDA;72556996;n2;;I;2;CURITIBA;PR;03/2006;0;0;0;0;0;0;0;0;0;0;0;0;0;0;0;0;319;319;0;1.672;1.990
COOPERATIVA DE CRÉDITO DOS FUNCIONÁRIOS DAS  SECRETARIAS DA AGRICULTURA, MEIO AMBIENTE E DESENVOLVIMENTO AGRÍCOLA DO ESTADO DE SÃO PAULO - COOPERCERES;2208747;b3S;;I;2;SAO PAULO;SP;03/2006;0;0;0;0;0;0;0;0;0;0;0;0;0;0;0;0;38;38;0;1.945;1.984
COOPERATIVA DE CRÉDITO RURAL COM INTERAÇÃO SOLIDÁRIA DE CURITIBANOS - CRESOL CURITIBANOS;1155801;b3S;;I;2;CURITIBANOS;SC;03/2006;433;0;0;552;0;985;0;0;0;0;0;0;0;302;1.287;0;137;1.424;0;554;1.979
COOPERATIVA DE CREDITO RURAL COM INTERACAO SOLIDARIA DE SALGADO FILHO - CRESOL SALGADO FILHO;4611476;b3S;;I;2;SALGADO FILHO;PR;03/2006;238;0;0;513;0;751;0;0;0;0;0;0;0;23;774;0;599;1.373;0;605;1.977
COOPERATIVA DE ECONOMIA E CRÉDITO MÚTUO DOS COMERCIANTES DE  AUTOPEÇAS E SERVIÇOS DE VITÓRIA DA CONQUISTA - SICOOB COOPESE;2882258;b3S;;I;2;VITORIA DA CONQUISTA;BA;03/2006;615;0;0;405;195;1.215;0;0;0;0;0;0;0;0;1.215;0;68;1.283;0;695;1.977
COOPERATIVA DE CRÉDITO RURAL DE BURITÍS - SICOOB BURITÍS;5203605;b3S;;I;2;BURITIS;RO;03/2006;1.249;0;0;0;73;1.323;0;0;0;0;0;0;0;64;1.386;0;81;1.468;0;507;1.975
COOPERATIVA DE CRÉDITO RURAL GANDU;2876918;b3S;;I;2;GANDU;BA;03/2006;221;0;0;211;158;590;0;0;0;0;0;0;0;60;651;0;300;951;0;1.023;1.973
COOPERATIVA DE ECONOMIA E CREDITO MUTUO DOS FUNCIONARIOS DA DANA S.A.;91018408;b3S;;I;2;GRAVATAI;RS;03/2006;0;0;0;0;0;0;0;0;0;0;0;0;0;0;0;0;94;94;0;1.878;1.972
COOPERATIVA DE CREDITO RURAL CONQUISTA DE FRIBURGO LTDA.;852242;b3S;;I;2;NOVA FRIBURGO;RJ;03/2006;549;0;0;313;37;899;0;0;0;0;0;0;0;99;998;0;96;1.094;0;866;1.960
SOCICRED SOCIEDADE DE CREDITO AO MICROEMPREENDEDOR LTDA;5289612;n1;;I;2;PORTO ALEGRE;RS;03/2006;0;0;0;0;0;0;0;0;0;0;0;0;0;0;0;0;4;4;0;1.956;1.960
MOMENTO DISTRIBUIDORA DE TITULOS E VALORES MOBILIARIOS LTDA;97447304;n2;;I;2;RIO DE JANEIRO;RJ;03/2006;0;0;0;0;0;0;0;0;0;0;0;0;0;0;0;0;130;130;0;1.827;1.957
COOPERATIVA DE CRÉDITO RURAL HORIZONTES NOVOS DE VENÂNCIO AIRES - CREHNOR CENTRO;5631622;b3S;;I;2;VENANCIO AIRES;RS;03/2006;184;0;0;338;0;522;0;0;0;0;0;0;0;0;522;0;295;817;0;1.131;1.948
COOPERATIVA DE CREDITO RURAL COM INTERACAO SOLIDARIA DE SAO JOAQUIM-CRESOL SÃO JOAQUIM;2766672;b3S;;I;2;SAO JOAQUIM;SC;03/2006;167;0;0;607;0;773;0;0;0;0;0;0;0;445;1.219;0;176;1.395;0;548;1.943
COOPERATIVA DE ECONOMIA E CRÉDITO MÚTUO DOS SERVIDORES DA SECRETARIA DE SAÚDE E DOS TRABALHADORES EM ENSINO DO DF LTDA. - SICOOB CREDIDF;1667861;b3S;;I;2;BRASILIA;DF;03/2006;28;0;0;3;0;30;0;0;0;0;0;0;0;25;56;0;239;295;0;1.646;1.940
COOPERATIVA DE CREDITO RURAL COM INTERACAO SOLIDARIA DE HONORIO SERPA - CRESOL HONORIO SERPA;2565350;b3S;;I;2;HONORIO SERPA;PR;03/2006;251;0;0;198;0;449;0;0;0;0;0;0;0;71;521;0;462;983;0;954;1.938
COOPERATIVA DE ECONOMIA E CREDITO MUTUO DOS SERVIDORES DA FUNDACAO UNIVERSIDADE FEDERAL DE MATO GROSSO;2894268;b3S;;I;2;CUIABA;MT;03/2006;83;0;0;138;0;222;0;0;0;0;0;0;0;250;472;0;180;652;0;1.268;1.920
COOPERATIVA DE CRÉDITO DOS EMPRESÁRIOS DE CORONEL VIVIDA - SICOOB CORONEL VIVIDA;7122321;b3S;;I;2;CORONEL VIVIDA;PR;03/2006;269;0;0;0;1.163;1.432;0;0;0;0;0;0;0;63;1.495;0;60;1.554;0;363;1.918
COOPERATIVA DE ECONOMIA E CRÉDITO MÚTUO DOS FUNCIONÁRIOS DA MARCHESAN - TATUCRED;53505681;b3S;;I;2;MATAO;SP;03/2006;0;0;0;0;0;0;0;0;0;0;0;0;0;0;0;0;258;258;0;1.652;1.911
EURO DISTRIBUIDORA DE TÍTULOS E VALORES MOBILIÁRIOS S/A;5006016;n2;;I;2;RIO DE JANEIRO;RJ;03/2006;0;0;0;0;0;0;0;0;0;0;0;0;0;0;0;0;1.059;1.059;0;847;1.906
FRIZZO PECUNIA - DISTRIBUIDORA DE TÍTULOS E VALORES MOBILIÁRIOS LTDA.;62264924;n2;;I;2;SAO PAULO;SP;03/2006;0;0;0;0;0;0;0;0;0;0;0;0;0;0;0;0;636;636;0;1.266;1.902
COOPERATIVA DE ECONOMIA E CRÉDITO MÚTUO DOS PROFISSIONAIS DO CREA DO ESTADO DE SANTA CATARINA;5979692;b3S;;I;2;FLORIANOPOLIS;SC;03/2006;315;0;0;0;1.101;1.416;0;0;0;0;0;0;0;54;1.470;0;24;1.493;0;408;1.901
COOPERATIVA DE ECONOMIA E CRÉDITO MÚTUO DOS EMPREGADOS DA ALCATEL-LUCENT BRASIL;62781232;b3S;;I;2;SAO PAULO;SP;03/2006;0;0;0;0;0;0;0;0;0;0;0;0;0;0;0;0;251;251;0;1.650;1.900
COOPERATIVA DE CREDITO RURAL COM INTERACAO SOLIDARIA DE SAO JORGE D'OESTE - CRESOL SAO JORGE D'OESTE;2934201;b3S;;I;2;SAO JORGE D'OESTE;PR;03/2006;338;0;0;532;0;870;0;0;0;0;0;0;0;87;956;0;318;1.274;0;619;1.893
COOPERATIVA DE ECONOMIA E CRÉDITO MÚTUO DOS SERVIDORES DA PREFEITURA MUNICIPAL DE ORLÂNDIA - CRED SERV;946465;b3S;;I;2;ORLANDIA;SP;03/2006;0;0;0;0;0;0;0;0;0;0;0;0;0;0;0;0;49;49;0;1.838;1.887
COOPERATIVA DE CRÉDITO DE LIVRE ADMISSÃO DE ASSOCIADOS DE MIRASSOL E REGIÃO - SICREDI NOROESTE PAULISTA;52436367;b3S;;I;2;MIRASSOL;SP;03/2006;388;0;0;1.212;0;1.599;0;0;0;0;0;0;0;15;1.614;0;172;1.787;0;94;1.881
SAGRES DISTRIBUIDORA DE TÍTULOS E VALORES MOBILIÁRIOS LTDA.;62050554;n2;;I;2;SAO PAULO;SP;03/2006;0;0;0;0;0;0;0;0;0;0;0;0;0;0;0;0;888;888;0;991;1.879
COOPERATIVA DE ECONOMIA E CRÉDITO MÚTUO DOS SERVIDORES DOS  MINISTÉRIOS DA AGRICULTURA, PECUÁRIA E ABASTECIMENTO, DO DESENVOLVIMENTO AGRÁRIO E DO MEIO AMBIENTE NO ESTADO DO PARÁ LTDA.;83347294;b3S;;I;2;BELEM;PA;03/2006;229;0;0;226;257;713;0;0;0;0;0;0;0;49;762;0;43;805;0;1.071;1.876
COOPERATIVA DE CRÉDITO RURAL DE BELA VISTA DE GOIÁS LTDA;33286576;b3S;;I;2;BELA VISTA DE GOIAS;GO;03/2006;582;0;0;75;55;712;0;0;0;0;0;0;0;0;712;0;374;1.086;0;770;1.856
COOPERATIVA DE CRÉDITO MÚTUO DOS FUNCIONÁRIOS DA USINA SANTA CRUZ - COPACRED;3480988;b3S;;I;2;AMERICO BRASILIENSE;SP;03/2006;0;0;0;82;0;82;0;0;0;0;0;0;0;104;186;0;43;229;0;1.625;1.854
COOPERATIVA DE CREDITO RURAL COM INTERAÇÃO SOLIDÁRIA DE SAO VALENTIM-CRESOL SAO VALENTIM;3015152;b3S;;I;2;SAO VALENTIM;RS;03/2006;112;0;0;930;0;1.042;0;0;0;0;0;0;0;260;1.302;0;142;1.445;0;385;1.830
COOPERATIVA DE CRÉDITO RURAL DE JUAZEIRO;2892637;b3S;;I;2;JUAZEIRO;BA;03/2006;753;0;0;0;811;1.563;0;0;0;0;0;0;0;0;1.563;0;64;1.628;0;198;1.826
COOPERATIVA DE CREDITO RURAL COM INTERACAO SOLIDARIA DE ITAPEJARA DO OESTE - CRESOL ITAPEJARA DO OESTE;4973378;b3S;;I;2;ITAPEJARA D'OESTE;PR;03/2006;202;0;0;490;0;692;0;0;0;0;0;0;0;64;756;0;356;1.112;0;704;1.816
COOPERATIVA DE ECONOMIA E CREDITO MUTUO DOS EMPREGADOS EM SANEAMENTO DO ESTADO DE MATO GROSSO - SICOOB CREDISAN;288098;b3S;;I;2;CUIABA;MT;03/2006;223;0;0;0;247;471;0;0;0;0;0;0;0;284;754;0;143;898;0;901;1.799
COOPERATIVA DE CRÉDITO RURAL DE NOVA BRASILÂNDIA D'OESTE LTDA.;5597773;b3S;;I;2;NOVA BRASILANDIA;RO;03/2006;259;0;0;0;0;259;0;0;0;0;0;0;0;0;259;0;522;782;0;1.012;1.794
PACIFIC INVEST DISTRIBUIDORA DE TITULOS E VALORES MOBILIARIOS LTDA;73279093;n2;;I;2;JOACABA;SC;03/2006;0;0;0;0;0;0;0;0;0;0;0;0;0;0;0;0;79;79;0;1.707;1.786
COOPERATIVA DE ECONOMIA E CREDITO MUTUO DOS SERVIDORES PUBL PODER EXEC FEDERAL NO ESTADO DO ESPIRITO SANTO;3639902;b3S;;I;2;VITORIA;ES;03/2006;0;0;0;175;4;179;0;0;0;0;0;0;0;0;179;0;183;362;0;1.423;1.784
COOPERATIVA DE ECONOMIA E CRÉDITO MÚTUO DOS FUNCIONÁRIOS DO GRUPO GELRE;1636480;b3S;;I;2;SAO PAULO;SP;03/2006;0;0;0;0;0;0;0;0;0;0;0;0;0;0;0;0;111;111;0;1.673;1.784
COOPERATIVA DE CRÉDITO RURAL DO SUDOESTE PAULISTA;5194149;b3S;;I;2;ITAPETININGA;SP;03/2006;558;0;0;460;189;1.207;0;0;0;0;0;0;0;197;1.404;0;31;1.435;0;347;1.781
COOPERATIVA DE CREDITO DE MENDES LTDA;28572261;b3S;;I;2;MENDES;RJ;03/2006;502;0;0;0;904;1.406;0;0;0;0;0;0;0;0;1.406;0;48;1.454;0;324;1.779
PARMETAL DISTRIBUIDORA DE TÍTULOS E VALORES MOBILIÁRIOS LTDA;20155248;n2;;I;2;SAO PAULO;SP;03/2006;0;0;0;0;0;0;0;0;0;0;0;0;0;0;0;0;239;239;0;1.531;1.770
COOPERATIVA DE CREDITO RURAL COM INTERACAO SOLIDARIA DE SARANDI-CRESOL SARANDI;5220243;b3S;;I;2;SARANDI;RS;03/2006;197;0;0;622;0;819;0;0;0;0;0;0;0;234;1.053;0;278;1.331;0;438;1.769
COOPERATIVA DE CREDITO RURAL COM INTERACAO SOLIDARIA DE PLANALTO - CRESOL PLANALTO;4225119;b3S;;I;2;PLANALTO;PR;03/2006;270;0;0;452;0;722;0;0;0;0;0;0;0;134;856;0;287;1.142;0;619;1.761
COOPERATIVA DE CREDITO RURAL COM INTERACAO SOLIDARIA DE PRANCHITA - CRESOL PRANCHITA;3190530;b3S;;I;2;PRANCHITA;PR;03/2006;217;0;0;490;0;706;0;0;0;0;0;0;0;168;874;0;431;1.305;0;439;1.744
COOPERATIVA DE CREDITO RURAL COM INTERACAO SOLIDARIA DE CHAPECO-CRESOL CHAPECÓ;4281182;b3S;;I;2;CHAPECO;SC;03/2006;154;0;0;1.039;0;1.193;0;0;0;0;0;0;0;166;1.359;0;67;1.426;0;316;1.742
COOPERATIVA DE ECONOMIA E CREDITO MUTUO JOHN F. KENNEDY LTDA;33735192;b3S;;I;2;RIO DE JANEIRO;RJ;03/2006;0;0;0;117;0;117;0;0;0;0;0;0;0;0;117;0;246;362;0;1.379;1.742
COOPERATIVA DE ECONOMIA E CRÉDITO MÚTUO DOS EMPREGADOS DAS EMPRESAS DE DIVERSÕES DO ESTADO DE SÃO PAULO;68314921;b3S;;I;2;SAO PAULO;SP;03/2006;0;0;0;0;0;0;0;0;0;0;0;0;0;0;0;0;105;105;0;1.636;1.741
COOPERATIVA DE ECONOMIA E CRÉDITO MÚTUO DOS EMPREGADOS DA VALISERE;66716812;b3S;;I;2;MAUA;SP;03/2006;0;0;0;0;0;0;0;0;0;0;0;0;0;0;0;0;138;138;0;1.602;1.739
COOPERATIVA DE ECONOMIA E CRÉDITO MÚTUO DOS SERVIDORES  ESTADUAIS DO PODER EXECUTIVO DO ESTADO DE RONDÔNIA - SICOOB-POLICREDI;2691100;b3S;;I;2;PORTO VELHO;RO;03/2006;734;0;0;41;307;1.082;0;0;0;0;0;0;0;0;1.082;0;98;1.180;0;552;1.732
COOPERATIVA DE ECONOMIA E CRÉDITO MÚTUO DOS EMPREGADOS, APOSENTADOS E PENSIONISTAS DA COMPANHIA ESTADUAL DE ENERGIA ELÉTRICA E ELETRICITÁRIOS DO RIO GRANDE DO SUL   CRECE;92825397;b3S;;I;2;PORTO ALEGRE;RS;03/2006;30;0;0;2;0;31;0;0;0;0;0;0;0;0;32;0;110;142;0;1.588;1.730
MULTICRED - CORRETORA DE VALORES E CAMBIO S.A.;419291;n2;;I;2;BRASILIA;DF;03/2006;0;0;0;0;0;0;0;0;0;0;0;0;0;0;0;0;498;498;0;1.232;1.730
COOPERATIVA DE CRÉDITO DOS FORNECEDORES DE CANA E DOS AGROPECUÁRIOS DA REGIÃO DE SANTA BÁRBARA D'OESTE;51319283;b3S;;I;2;SANTA BARBARA D'OESTE;SP;03/2006;121;0;0;559;0;680;0;0;0;0;0;0;0;7;687;0;76;762;0;968;1.730
COOPERATIVA DE CRÉDITO RURAL DE ESPIGÃO DO OESTE LTDA.;4985665;b3S;;I;2;ESPIGAO D'OESTE;RO;03/2006;307;0;0;233;0;540;0;0;0;0;0;0;0;0;540;0;293;834;0;894;1.728
COOPERATIVA DE ECONOMIA E CRÉDITO MÚTUO DOS SERVIDORES MUNICIPAIS DE ITABIRA LTDA. - COSEMI;16651002;b3S;;I;2;ITABIRA;MG;03/2006;0;0;0;72;0;72;0;0;0;0;0;0;0;9;81;0;124;205;0;1.521;1.727
COOPERATIVA DE CRÉDITO RURAL BAIXA GRANDE;4368521;b3S;;I;2;BAIXA GRANDE;BA;03/2006;449;0;0;58;584;1.091;0;0;0;0;0;0;0;28;1.119;0;120;1.239;0;484;1.723
COOPERATIVA DE CRÉDITO DOS EMPREGADOS DA COMPANHIA INDUSTRIAL CATAGUASES E DA BAUMINAS LTDA. - COOPECIC;19495266;b3S;;I;2;CATAGUASES;MG;03/2006;0;0;0;0;0;0;0;0;0;0;0;0;0;0;0;0;112;112;0;1.606;1.718
COOPERATIVA DE ECONOMIA E CREDITO MUTUO DOS EMPREGADOS DA CIA DE ELETRICIDADE DO ESTADO DO RJ CREDICERJ LTDA;30138226;b3S;;I;2;NITEROI;RJ;03/2006;3;0;0;795;0;798;0;0;0;0;0;0;0;129;926;0;145;1.071;0;637;1.708
COOPERATIVA DE CRÉDITO RURAL COM INTERAÇÃO SOLIDÁRIA DE SANTO CRISTO - CRESOL SANTO CRISTO;6031727;b3S;;I;2;SANTO CRISTO;RS;03/2006;154;0;0;805;0;959;0;0;0;0;0;0;0;222;1.181;0;127;1.308;0;384;1.693
COOPERATIVA DE ECONOMIA E CRÉDITO MÚTUO DOS COMERCIANTES DE CONFECÇÕES DE CAMPOS GERAIS LTDA;1715446;b3S;;I;2;CAMPOS GERAIS;MG;03/2006;293;0;0;527;422;1.242;0;0;0;0;0;0;0;50;1.292;0;98;1.391;0;300;1.691
COOPERATIVA DE ECONOMIA E CRÉDITO MÚTUO DOS FUNCIONÁRIOS DA ELGIN;45045671;b3S;;I;2;MOGI DAS CRUZES;SP;03/2006;0;0;0;0;0;0;0;0;0;0;0;0;0;0;0;0;291;291;0;1.398;1.689
COOPERATIVA DE ECONOMIA E CRÉDITO MÚTUO DOS SERVIDORES DA UNIVERSIDADE ESTADUAL DO SUDOESTE DA BAHIA (UESB) - SICOOB CREDIUESB;3606488;b3S;;I;2;VITORIA DA CONQUISTA;BA;03/2006;866;0;0;0;309;1.175;0;0;0;0;0;0;0;0;1.175;0;97;1.272;0;416;1.688
COOPERATIVA DE ECONOMIA E CRÉDITO MÚTUO DOS EMPREGADOS DO GRUPO COLORADO;2024442;b3S;;I;2;GUAIRA;SP;03/2006;0;0;0;0;0;0;0;0;0;0;0;0;0;0;0;0;118;118;0;1.559;1.677
COOPERATIVA DE ECONOMIA E CRÉDITO MÚTUO DOS  COMERCIANTES DE CONFECÇÕES DE MARTINHO CAMPOS LTDA.;2307567;b3S;;I;2;MARTINHO CAMPOS;MG;03/2006;304;0;0;0;808;1.111;0;0;0;0;0;0;0;0;1.111;0;84;1.195;0;480;1.675
COOPERATIVA DE ECONOMIA E CRÉDITO MÚTUO DOS SERVIDORES DO SEBRAE - SEBRAECOOP;1569522;b3S;;I;2;BELO HORIZONTE;MG;03/2006;0;0;0;499;0;499;0;0;0;0;0;0;0;0;499;0;113;612;0;1.059;1.671
COOPERATIVA DE ECONOMIA E CREDITO MUTUO DOS FUNCIONARIOS DA GKN DO BRASIL LTDA;5331882;b3S;;I;2;PORTO ALEGRE;RS;03/2006;0;0;0;0;0;0;0;0;0;0;0;0;0;0;0;0;71;71;0;1.595;1.666
COOPERATIVA DE CRÉDITO RURAL JEQUIÉ;4642801;b3S;;I;2;JEQUIE;BA;03/2006;672;0;0;0;223;895;0;0;0;0;0;0;0;0;895;0;133;1.028;0;635;1.663
COOPERATIVA DE ECONOMIA E CRÉDITO MÚTUO DOS FUNCIONÁRIOS DA FACULDADE DE CIÊNCIAS AGRÁRIAS E VETERINÁRIAS - CAMPUS DE JABOTICABAL/SP - SICOOB COOPERFAC;57259525;b3S;;I;2;JABOTICABAL;SP;03/2006;0;0;0;0;0;0;0;0;0;0;0;0;0;0;0;0;230;230;0;1.432;1.662
COOPERATIVA DE CRÉDITO DOS FUNCIONÁRIOS DO MINISTÉRIO DA FAZENDA - COOPERMINF;3002199;b3S;;I;2;SAO PAULO;SP;03/2006;0;0;0;0;0;0;0;0;0;0;0;0;0;0;0;0;45;45;0;1.608;1.653
COOPERATIVA DE ECONOMIA E CRÉDITO MÚTUO DOS SERVIDORES DA SECRETARIA DE DEFESA SOCIAL DO ESTADO DE MINAS GERAIS;5746715;b3S;;I;2;BELO HORIZONTE;MG;03/2006;0;0;0;877;13;890;0;0;0;0;0;0;0;0;890;0;84;974;0;666;1.641
COOPERATIVA DE ECONOMIA E CREDITO MUTUO DOS EMPREGADOS DE CHOCOLATES GAROTO, LTDA;30949267;b3S;;I;2;VILA VELHA;ES;03/2006;45;0;0;0;1.556;1.601;0;0;0;0;0;0;0;0;1.601;0;180;1.781;0;-141;1.640
OLIVEIRA TRUST DISTRIBUIDORA DE TÍTULOS E VALORES MOBILIARIOS S.A.;36113876;n2;;I;2;RIO DE JANEIRO;RJ;03/2006;0;0;0;0;0;0;0;0;0;0;0;0;0;0;0;0;249;249;0;1.379;1.627
COOPERATIVA DE ECONOMIA E CRÉDITO MÚTUO DOS SERVIDORES DA DELEGACIA REGIONAL DO TRABALHO E DA ADVOCACIA GERAL DA UNIÃO NO ESTADO DO PARÁ - SICOOB CREDMISTRA;83329979;b3S;;I;2;BELEM;PA;03/2006;0;0;0;0;159;159;0;0;0;0;0;0;0;0;159;0;260;419;0;1.205;1.624
COOPERATIVA DE ECONOMIA E CRÉDITO MÚTUO DOS EMPREGADOS DO GRUPO SBF LTDA.;2232228;b3S;;I;2;BELO HORIZONTE;MG;03/2006;0;0;0;0;0;0;0;0;0;0;0;0;0;0;0;0;105;105;0;1.510;1.615
ROTULA S/A SOCIEDADE DE CREDITO AO MICROEMPREENDEDOR;3456984;n1;;I;2;LEOPOLDINA;MG;03/2006;0;0;0;0;0;0;0;0;0;0;0;0;0;486;486;0;59;544;0;1.069;1.613
COOPERATIVA DE ECONOMIA E CRÉDITO MÚTUO DOS EMPREGADOS DA FUNDAÇÃO PARA O DESENVOLVIMENTO DA EDUCAÇÃO;64764129;b3S;;I;2;SAO PAULO;SP;03/2006;0;0;0;0;0;0;0;0;0;0;0;0;0;20;20;0;49;69;0;1.541;1.610
COOPERATIVA DE CRÉDITO RURAL DO VALE DO ITANHÉM LTDA.;2057576;b3S;;I;2;ITANHEM;BA;03/2006;374;0;0;0;266;640;0;0;0;0;0;0;0;49;689;0;121;810;0;793;1.603
COOPERATIVA DE ECONOMIA E CRÉDITO MÚTUO DOS EMPREGADOS DAS EMPRESAS MINERADORAS DO MUNICÍPIO DE TAPIRA LTDA.;20027942;b3S;;I;2;ARAXA;MG;03/2006;99;0;0;412;0;511;0;0;0;0;0;0;0;110;622;0;47;668;0;931;1.599
COOPERATIVA DE ECONOMIA E CREDITO MUTUO DOS TRABALHADORES DAS INSTITUIÇÕES DE ENSINO DA REGIÃO METROPOLITANA DE FLORIANOPOLIS SICOOB/SC- CREDTEC;73656795;b3S;;I;2;FLORIANOPOLIS;SC;03/2006;138;0;0;0;857;995;0;0;0;0;0;0;0;38;1.033;0;173;1.206;0;392;1.597
COOPERATIVA DE ECONOMIA E CREDITO MUTUO DOS SERVIDORES DA ASCAR/EMATER-RS LTDA-CRESAL;90278987;b3S;;I;2;PORTO ALEGRE;RS;03/2006;0;0;0;366;0;366;0;0;0;0;0;0;0;0;366;0;92;458;0;1.139;1.597
COOPERATIVA DE ECONOMIA E CRÉDITO MÚTUO DOS EMPREGADOS DO GRUPO ALCOA EM PERNAMBUCO - CREDIALCOA;8931800;b3S;;I;2;ITAPISSUMA;PE;03/2006;0;0;0;0;0;0;0;0;0;0;0;0;0;0;0;0;49;49;0;1.533;1.582
COOPERATIVA DE ECONOMIA E CRÉDITO MÚTUO DOS EMPREGADOS DA COELBA LTDA - SICOOB COPELBA;86784089;b3S;;I;2;SALVADOR;BA;03/2006;7;0;0;0;0;7;0;0;0;0;0;0;0;0;7;0;85;93;0;1.482;1.575
COOPERATIVA DE CRÉDITO MÚTUO DOS FUNCIONÁRIOS DO MINISTÉRIO DA SAÚDE EM MACEIÓ - SAUDECRED;5728016;b3S;;I;2;MACEIO;AL;03/2006;18;0;0;929;0;947;0;0;0;0;0;0;0;244;1.191;0;18;1.209;0;365;1.574
COOPERATIVA DE CREDITO RURAL COM INTERACAO SOLIDARIA DE TURVO - CRESOL TURVO;2483330;b3S;;I;2;TURVO;PR;03/2006;281;0;0;257;0;538;0;0;0;0;0;0;0;82;620;0;367;987;0;584;1.571
COOPERATIVA DE CREDITO RURAL COM INTERACAO SOLIDARIA DE SALTO DO LONTRA - CRESOL SALTO DO LONTRA;5135542;b3S;;I;2;SALTO DO LONTRA;PR;03/2006;296;0;0;483;0;779;0;0;0;0;0;0;0;77;856;0;345;1.201;0;365;1.566
COOPERATIVA DE ECONOMIA E CRÉDITO MÚTUO DOS EMPREGADOS DOS DIÁRIOS E EMISSORAS ASSOCIADOS DE BELO HORIZONTE LTDA.;17415654;b3S;;I;2;BELO HORIZONTE;MG;03/2006;0;0;0;0;0;0;0;0;0;0;0;0;0;0;0;0;162;162;0;1.403;1.565
COOPERATIVA DE CRÉDITO URBANO DOS CIRURGIÕES-DENTISTAS E OUTROS PROFISSIONAIS NA ÁREA DE SAÚDE DE CUIABÁ LTDA.-COOPERODONTO;928993;b3S;;I;2;CUIABA;MT;03/2006;717;0;0;483;0;1.199;0;0;0;0;0;0;0;0;1.199;0;28;1.227;0;324;1.551
COOPERATIVA DE ECONOMIA E CRÉDITO MÚTUO DOS FUNCIONÁRIOS DA COAPERIODOCE E CREDIRIODOCE LTDA.;22649461;b3S;;I;2;GOVERNADOR VALADARES;MG;03/2006;0;0;0;575;0;575;0;0;0;0;0;0;0;217;793;0;96;888;0;659;1.548
COOPERATIVA DE ECONOMIA E CRÉDITO MÚTUO DOS FABRICANTES DE CALÇADOS DE SAPIRANGA LTDA.;5841967;b3S;;I;2;SAPIRANGA;RS;03/2006;221;0;0;862;0;1.082;0;0;0;0;0;0;0;0;1.082;0;102;1.185;0;358;1.542
COOPERATIVA DE ECONOMIA E CRÉDITO MÚTUO DOS PROFISSIONAIS DAS ÁREAS DE ENGENHARIA, ARQUITETURA E AGRONOMIA NO SUL FLUMINENSE LTDA - COOPCRED;3665505;b3S;;I;2;VOLTA REDONDA;RJ;03/2006;8;0;0;0;1.406;1.415;0;0;0;0;0;0;0;36;1.450;0;12;1.462;0;74;1.536
LASTRO;51509;n1;;C;2;ARARAS;SP;03/2006;0;0;0;0;0;0;0;0;0;0;0;0;0;0;0;0;135;135;0;1.397;1.532
COOPERATIVA DE CRÉDITO DE LIVRE ADMISSÃO DE ASSOCIADOS DE HOLAMBRA - SICREDI HOLAMBRA SP;57647653;b3S;;I;2;HOLAMBRA;SP;03/2006;445;0;0;0;307;751;0;0;0;0;0;0;0;0;751;0;304;1.055;0;470;1.524
COOPERATIVA DE CRÉDITO RURAL COM INTERAÇÃO SOLIDÁRIA DE LARANJEIRAS DO SUL - CRESOL LARANJEIRAS DO SUL;1086342;b3S;;I;2;LARANJEIRAS DO SUL;PR;03/2006;213;0;0;195;0;408;0;0;0;0;0;0;0;85;493;0;354;847;0;673;1.520
COOPERATIVA DE CRÉDITO DOS EMPRESÁRIOS DE GUARAPUAVA - SICOOB GUARAPUAVA;7319027;b3S;;I;2;GUARAPUAVA;PR;03/2006;470;0;0;0;750;1.221;0;0;0;0;0;0;0;0;1.221;0;52;1.273;0;247;1.520
COOPERATIVA DE ECONOMIA E CRÉDITO MÚTUO DOS EMPREGADOS DAS INDÚSTRIAS UNILEVER DO BRASIL;53272365;b3S;;I;2;VALINHOS;SP;03/2006;0;0;0;0;0;0;0;0;0;0;0;0;0;0;0;0;54;54;0;1.465;1.519
COOPERATIVA DE CREDITO RURAL COM INTERACAO SOLIDARIA DE FORMOSA DO SUL-CRESOL FORMOSA;5269976;b3S;;I;2;FORMOSA DO SUL;SC;03/2006;211;0;0;475;0;686;0;0;0;0;0;0;0;398;1.083;0;80;1.163;0;356;1.519
COOPERATIVA DE CREDITO RURAL COM INTERACAO SOLIDARIA DE SANTO ANTONIO DO SUDOESTE - CRESOL SANTO ANTONIO DO SUDOESTE;4649750;b3S;;I;2;SANTO ANTONIO DO SUDOESTE;PR;03/2006;147;0;0;367;0;514;0;0;0;0;0;0;0;23;537;0;341;878;0;637;1.515
COOPERATIVA DE CREDITO RURAL COM INTERACAO SOLIDARIA DE TRES BARRAS DO PARANA - CRESOL TRES BARRAS DO PARANA;4273001;b3S;;I;2;TRES BARRAS DO PARANA;PR;03/2006;310;0;0;367;0;677;0;0;0;0;0;0;0;49;726;0;377;1.103;0;411;1.513
CCMS PUBLICOS DE PINHAO - CRESERV-PINHAO;4831810;b3S;;I;2;PINHAO;PR;03/2006;185;0;0;97;249;530;0;0;0;0;0;0;0;298;828;0;103;931;0;576;1.507
GÁVEA DISTRIBUIDORA DE TÍTULOS E VALORES MOBILIÁRIOS LTDA;7253654;n2;;I;2;RIO DE JANEIRO;RJ;03/2006;0;0;0;0;0;0;0;0;0;0;0;0;0;0;0;0;129;129;0;1.371;1.500
CATEDRAL CORRETORA DE CÂMBIO E TÍTULOS MOBILIÁRIOS LTDA.;15230501;n2;;I;2;SALVADOR;BA;03/2006;0;0;0;0;0;0;0;0;0;0;0;0;0;0;0;0;318;318;0;1.181;1.499
ALBATROSS CORRETORA DE CAMBIO E VALORES S.A;5452073;n2;;I;2;RIO DE JANEIRO;RJ;03/2006;0;0;0;0;0;0;0;0;0;0;0;0;0;0;0;0;198;198;0;1.298;1.496
COOPERATIVA DE ECONOMIA E CRÉDITO MÚTUO DOS EMPREGADOS DA NOVELIS DO BRASIL LTDA. - COOPA;23069867;b3S;;I;2;OURO PRETO;MG;03/2006;0;0;0;0;0;0;0;0;0;0;0;0;0;0;0;0;120;120;0;1.370;1.490
BONUS-BANVAL CORRETORA DE CÂMBIO, TÍTULOS E VALORES MOBILIÁRIOS LTDA.;72741531;n2;;I;2;SAO PAULO;SP;03/2006;0;0;0;0;0;0;0;0;0;0;0;0;0;0;0;0;367;367;0;1.120;1.487
COOPERATIVA DE ECONOMIA E CREDITO MUTUO DOS FUNCIONARIOS DO EXPRESSO PRINCESA DOS CAMPOS;1551820;b3S;;I;2;PONTA GROSSA;PR;03/2006;0;0;0;0;0;0;0;0;0;0;0;0;0;0;0;0;81;81;0;1.395;1.476
MACRO CORRETORA DE CAMBIO E VALORES MOBILIARIOS LTDA;15219389;n2;;I;2;SALVADOR;BA;03/2006;0;0;0;0;0;0;0;0;0;0;0;0;0;0;0;0;450;450;0;1.024;1.474
COOPERATIVA DE ECONOMIA E CRÉDITO MÚTUO DOS COMERCIANTES DE CONFECÇÕES DO VESTUÁRIO DE ITAJUBÁ LTDA.;4079285;b3S;;I;2;ITAJUBA;MG;03/2006;215;0;0;0;797;1.012;0;0;0;0;0;0;0;0;1.012;0;79;1.091;0;381;1.473
COOPERATIVA DE ECONOMIA E CREDITO MUTUO DOS EMPREGADOS DOS LABORATORIOS B.BRAUN LTDA;30586895;b3S;;I;2;SAO GONCALO;RJ;03/2006;0;0;0;0;0;0;0;0;0;0;0;0;0;0;0;0;68;68;0;1.405;1.473
COOPERATIVA DE ECONOMIA E CREDITO MUTUO DOS EMPREGADOS DE ESTABELECIMENTOS HOSPITALARES DO SUL DO ESTADO DO ESPIRITO SANTO - SULCRED;31746993;b3S;;I;2;CACHOEIRO DE ITAPEMIRIM;ES;03/2006;33;0;0;0;140;173;0;0;0;0;0;0;0;917;1.091;0;189;1.280;0;190;1.469
COOPERATIVA DE ECONOMIA E CREDITO MUTUO ITARARE LTDA;29460649;b3S;;I;2;RIO DE JANEIRO;RJ;03/2006;0;0;0;0;0;0;0;0;0;0;0;0;0;0;0;0;437;437;0;1.030;1.466
COOPERATIVA DE CRÉDITO MÚTUO DOS FUNCIONÁRIOS DA EDITORA GLOBO - CREDGLOBO;1380386;b3S;;I;2;SAO PAULO;SP;03/2006;0;0;0;0;0;0;0;0;0;0;0;0;0;0;0;0;91;91;0;1.371;1.461
COOPERATIVA DE CREDITO RURAL COM INTERACAO SOLIDARIA DE PITANGA - CRESOL PITANGA;2645093;b3S;;I;2;PITANGA;PR;03/2006;136;0;0;317;0;452;0;0;0;0;0;0;0;70;523;0;359;882;0;573;1.455
COOPERCOROL COOPERATIVA DE CRÉDITO MÚTUO.;81704744;b3S;;I;2;ROLANDIA;PR;03/2006;0;0;0;68;0;68;0;0;0;0;0;0;0;0;68;0;102;170;0;1.284;1.453
COOPERATIVA DE CRÉDITO RURAL DE JACARACI E MUNICÍPIOS DO VALE DO GAVIÃO, VALE DO RIO DO ANTÔNIO E ALTO RIO PARDO;2939044;b3S;;I;2;JACARACI;BA;03/2006;46;0;0;0;1.153;1.199;0;0;0;0;0;0;0;0;1.199;0;52;1.251;0;195;1.446
COOPERATIVA DE CREDITO RURAL COM INTERACAO SOLIDARIA DE AMPERE - CRESOL AMPERE;3066193;b3S;;I;2;AMPERE;PR;03/2006;161;0;0;489;0;650;0;0;0;0;0;0;0;29;678;0;279;957;0;483;1.440
COOPERATIVA DE CRÉDITO DOS PROFISSIONAIS DE TECNOLOGIA DA INFORMAÇÃO DE SÃO PAULO E MICROREGIÃO - CREDITE;6036911;b3S;;I;2;SAO PAULO;SP;03/2006;0;0;0;0;0;0;0;0;0;0;0;0;0;213;213;0;27;240;0;1.198;1.439
COOPERATIVA DE CRÉDITO DOS PEQUENOS EMPRESÁRIOS, MICROEMPRESÁRIOS E MICRO EMPREENDEDORES DE UBERABA LTDA - SICOOB CREDIACIU;7141415;b3S;;I;2;UBERABA;MG;03/2006;461;0;0;0;1.062;1.523;0;0;0;0;0;0;0;0;1.523;0;90;1.613;0;-176;1.437
COOPERATIVA DE ECONOMIA E CRÉDITO MÚTUO DOS SERVIDORES DA  SECRETARIA DA SEGURANCA PÚBLICA DO ESTADO DO RIO GRANDE DO NORTE;2382755;b3S;;I;2;NATAL;RN;03/2006;140;0;0;25;37;202;0;0;0;0;0;0;0;43;246;0;315;561;0;870;1.431
CAROL DISTRIBUIDORA DE TITULOS E VALORES MOBILIARIOS LTDA.;62237649;n2;;I;2;SAO PAULO;SP;03/2006;0;0;0;0;0;0;0;0;0;0;0;0;0;0;0;0;71;71;0;1.349;1.420
SHOPCRED SOCIEDADE DE CRÉDITO AO MICROEMPREENDEDOR LTDA.;5503849;n1;;I;2;SAO PAULO;SP;03/2006;0;0;0;0;0;0;0;0;0;0;0;0;0;0;0;0;70;70;0;1.349;1.419
COOPERATIVA DE ECONOMIA E CRÉDITO MÚTUO SERVIDORES PÚBLICOS ATIVOS, INATIVOS E PENSIONISTAS DA ADMINISTRAÇÃO DIRETA, INDIRETA E ASSEMBLÉIA LEGISLATIVA DO ESTADO DO RIO GRANDE SUL - COOPSERGS;5591437;b3S;;I;2;PORTO ALEGRE;RS;03/2006;0;0;0;0;0;0;0;0;0;0;0;0;0;142;142;0;1.051;1.193;0;223;1.416
COOPERATIVA DE CRÉDITO DOS EMPRESÁRIOS DE ASSIS CHATEAUBRIAND - SICOOB MÉDIO OESTE;7318874;b3S;;I;2;ASSIS CHATEAUBRIAND;PR;03/2006;243;0;0;0;739;982;0;0;0;0;0;0;0;84;1.066;0;108;1.175;0;240;1.414
COOPERATIVA DE ECONOMIA E CRÉDITO MÚTUO DOS CIRURGIÕES DENTISTAS E PROFISSIONAIS DA ÁREA DE SAÚDE DE SÃO PAULO;1126867;b3S;;I;2;SAO PAULO;SP;03/2006;32;0;0;184;0;217;0;0;0;0;0;0;0;508;725;0;60;785;0;624;1.409
MATONE CORRETORA DE VALORES MOBILIARIOS E CAMBIO LTDA;89960090;n2;;I;2;PORTO ALEGRE;RS;03/2006;0;0;0;0;0;0;0;0;0;0;0;0;0;0;0;0;251;251;0;1.153;1.405
COOPERATIVA DE ECONOMIA E CRÉDITO MÚTUO DA ALIANÇA DOS MÉDICOS E DEMAIS PROFISSIONAIS DA ÁREA DA SAÚDE DE LENÇÓIS PAULISTA - ALCRED DE LENÇÓIS PAULISTA;1464605;b3S;;I;2;LENCOIS PAULISTA;SP;03/2006;126;0;0;1.782;0;1.908;0;0;0;0;0;0;0;68;1.976;0;133;2.109;0;-710;1.399
COOPERATIVA DE CRÉDITO EMPRESARIAL DO VALE SAO PATRICIO LTDA;7502031;b3S;;I;2;GOIANESIA;GO;03/2006;543;0;0;0;169;712;0;0;0;0;0;0;0;0;712;0;36;748;0;644;1.393
COOPERATIVA DE CREDITO RURAL COM INTERACAO SOLIDARIA CONCORDIA- CRESOL CONCÓRDIA;5425526;b3S;;I;2;CONCORDIA;SC;03/2006;276;0;0;668;0;945;0;0;0;0;0;0;0;189;1.133;0;66;1.200;0;191;1.390
UNICREF - COOPERATIVA DE ECONOMIA E CRÉDITO MÚTUO DOS FUNCIONÁRIOS DA UNIMED DE MANAUS LTDA.;34503581;b3S;;I;2;MANAUS;AM;03/2006;0;0;0;0;0;0;0;0;0;0;0;0;0;0;0;0;4;4;0;1.385;1.389
CLICKTRADE CORRETORA DE CAMBIO,TITULOS E VAL MOBILIARIOS SA;58225426;n2;;I;2;SAO PAULO;SP;03/2006;0;0;0;0;0;0;0;0;0;0;0;0;0;0;0;0;238;238;0;1.151;1.388
COOPERATIVA DE ECONOMIA E CRÉDITO MÚTUO DOS EMPREGADOS DA CALOI NORTE;43941145;b3S;;I;2;SAO PAULO;SP;03/2006;0;0;0;0;0;0;0;0;0;0;0;0;0;0;0;0;195;195;0;1.191;1.386
COOPERATIVA DE CREDITO RURAL COM INTERACAO SOLIDARIA DE IVAIPORA - CRESOL IVAIPORA;5231945;b3S;;I;2;IVAIPORA;PR;03/2006;297;0;0;427;0;724;0;0;0;0;0;0;0;112;836;0;68;905;0;474;1.378
COOPERATIVA DE ECONOMIA E CRÉDITO MÚTUO DOS EMPREGADOS DA SYLVANIA DO BRASIL ILUMINAÇÃO;62845474;b3S;;I;2;SAO PAULO;SP;03/2006;0;0;0;0;0;0;0;0;0;0;0;0;0;0;0;0;218;218;0;1.143;1.362
INVESTNORTE - CORRETORA DE VALORES MOBILIARIOS E CAMBIO LTDA;9493503;n2;;I;2;RECIFE;PE;03/2006;0;0;0;0;0;0;0;0;0;0;0;0;0;0;0;0;632;632;0;727;1.359
COOPERATIVA DE CRÉDITO DOS SERVIDORES PÚBLICOS MUNICIPAIS DE TIMÓTEO LTDA. - COOPERTIM;20833976;b3S;;I;2;TIMOTEO;MG;03/2006;0;0;0;0;0;0;0;0;0;0;0;0;0;0;0;0;54;54;0;1.300;1.354
CREDINORTE - COOPERATIVA DE ECONOMIA E CRÉDITO MÚTUO DOS SERVIDORES PÚBLICOS DA REGIÃO METROPOLITANA DA GRANDE NATAL - RIO GRANDE DO NORTE;4551113;b3S;;I;2;NATAL;RN;03/2006;0;0;0;775;38;813;0;0;0;0;0;0;0;0;813;0;96;909;0;436;1.345
COOPERATIVA DE CRÉDITO MÚTUO DOS FUNCIONÁRIOS DA RICLAN S.A. - COOPRICLAN;6077760;b3S;;I;2;RIO CLARO;SP;03/2006;0;0;0;500;0;500;0;0;0;0;0;0;0;199;700;0;35;734;0;604;1.339
COOPERATIVA DE CRÉDITO MÚTUO DOS SERVIDORES PÚBLICOS DE OSASCO E REGIÃO OESTE;5310083;b3S;;I;2;OSASCO;SP;03/2006;0;0;0;0;0;0;0;0;0;0;0;0;0;54;54;0;25;79;0;1.248;1.328
COOPERATIVA DE ECONOMIA E CRÉDITO MÚTUO DOS EMPREGADOS DA CHRIS CINTOS DE SEGURANÇA;1815069;b3S;;I;2;SAO PAULO;SP;03/2006;0;0;0;0;0;0;0;0;0;0;0;0;0;0;0;0;64;64;0;1.263;1.327
COOPERATIVA DE CREDITO RURAL COM INTERACAO SOLIDARIA DE CORONEL MARTINS-CRESOL PEDRA BRANCA;5070112;b3S;;I;2;CORONEL MARTINS;SC;03/2006;145;0;0;579;0;724;0;0;0;0;0;0;0;232;956;0;45;1.001;0;324;1.326
COOPERATIVA DE ECONOMIA E CREDITO MUTUO DOS FUNCIONARIOS E SERVIDORES PUBLICOS DO ESTADO DE MATO GROSSO DO SUL - SICOOB COCRESUL;24610065;b3S;;I;2;CAMPO GRANDE;MS;03/2006;411;0;0;0;289;700;0;0;0;0;0;0;0;77;777;0;50;827;0;493;1.320
COOPERATIVA DE ECONOMIA E CREDITO MUTUO DOS EMPREGADOS DA ALCALIS LTDA;28850485;b3S;;I;2;ARRAIAL DO CABO;RJ;03/2006;0;0;0;0;0;0;0;0;0;0;0;0;0;0;0;0;100;100;0;1.206;1.306
COOPERATIVA DE ECONOMIA E CRÉDITO MÚTUO DOS SERVIDORES DO  INSTITUTO NACIONAL DO SEGURO SOCIAL NA PARAÍBA - COOPREV LTDA;1825968;b3S;;I;2;JOAO PESSOA;PB;03/2006;0;0;0;36;46;82;0;0;0;0;0;0;0;12;93;0;259;352;0;954;1.306
COOPERATIVA DE ECONOMIA E CRÉDITO MÚTUO DOS EMPREGADOS DA BECTON DICKINSON INDÚSTRIAS CIRÚRGICAS LTDA., LTDA.;21597133;b3S;;I;2;JUIZ DE FORA;MG;03/2006;0;0;0;0;0;0;0;0;0;0;0;0;0;0;0;0;84;84;0;1.221;1.306
COOPERATIVA DE CRÉDITO MÚTUO DOS PROFESSORES E FUNCIONÁRIOS DO CENTRO UNIVERSITÁRIO FEEVALE;4802000;b3S;;I;2;NOVO HAMBURGO;RS;03/2006;204;0;0;0;584;788;0;0;0;0;0;0;0;0;788;0;114;901;0;400;1.301
COOPERATIVA DE ECONOMIA E CRÉDITO MÚTUO DOS EMPREGADOS DA SAINT-GOBAIN DO BRASIL PRODUTOS INDUSTRIAIS E PARA CONSTRUÇÃO - DIVISÃO VIDRO PLANO;48140925;b3S;;I;2;MAUA;SP;03/2006;0;0;0;0;0;0;0;0;0;0;0;0;0;171;171;0;107;278;0;1.002;1.280
COOPERATIVA DE CRÉDITO MÚTUO DOS FUNCIONÁRIOS DO GRUPO ABC - COOPER 7;4414354;b3S;;I;2;SAO BERNARDO DO CAMPO;SP;03/2006;0;0;0;0;0;0;0;0;0;0;0;0;0;0;0;0;38;38;0;1.238;1.276
ACREDITA SOCIEDADE DE CRÉDITO AO MICROEMPREENDEDOR LTDA.;5741840;n1;;I;2;BELO HORIZONTE;MG;03/2006;0;0;0;0;0;0;0;0;0;0;0;0;0;0;0;0;13;13;0;1.262;1.275
COOPERATIVA DE ECONOMIA E CRÉDITO MÚTUO DOS PANIFICADORES DE  NATAL - CREDIPAN;2902475;b3S;;I;2;NATAL;RN;03/2006;105;0;0;234;15;354;0;0;0;0;0;0;0;0;354;0;662;1.016;0;258;1.274
COOPERATIVA DE ECONOMIA E CRÉDITO MÚTUO DOS EMPREGADOS DA MABE CAMPINAS ELETRODOMÉSTICOS LTDA.;44589760;b3S;;I;2;CAMPINAS;SP;03/2006;0;0;0;32;0;32;0;0;0;0;0;0;0;0;32;0;114;146;0;1.105;1.251
COOPERATIVA DE ECONOMIA E CREDITO MUTUO DOS SERVIDORES DA CNC/SESC/SENAC NACIONAIS LTDA;30304919;b3S;;I;2;RIO DE JANEIRO;RJ;03/2006;0;0;0;0;0;0;0;0;0;0;0;0;0;0;0;0;329;329;0;917;1.245
ARC CORRETORA DE CAMBIO, ASSOCIADOS GOUVEIA, CAMPEDELLI S.A.;4684647;n2;;I;2;SANTOS;SP;03/2006;0;0;0;0;0;0;0;0;0;0;0;0;0;0;0;0;89;89;0;1.156;1.245
COOPERATIVA DE CRÉDITO RURAL PÉ DE SERRA LTDA. - SICOOB PÉ DE SERRA;2909173;b3S;;I;2;PE DE SERRA;BA;03/2006;151;0;0;0;695;846;0;0;0;0;0;0;0;0;846;0;84;930;0;313;1.243
COOPERATIVA DE ECONOMIA E CRÉDITO MÚTUO DOS FUNCIONÁRIOS DA ANDORINHA - COFASA;64761471;b3S;;I;2;PRESIDENTE PRUDENTE;SP;03/2006;0;0;0;0;0;0;0;0;0;0;0;0;0;5;5;0;24;29;0;1.210;1.239
COOPERATIVA DE CREDITO RURAL COM INTERACAO SOLIDARIA JAGUARUNA-CRESOL JAGUARUNA;5410056;b3S;;I;2;JAGUARUNA;SC;03/2006;135;0;0;449;0;583;0;0;0;0;0;0;0;380;964;0;50;1.014;0;224;1.238
COOPERATIVA DE CRÉDITO RURAL DE ITABUNA LTDA;16357832;b3S;;I;2;ITABUNA;BA;03/2006;9;0;0;18;0;27;0;0;0;0;0;0;0;343;370;0;205;575;0;661;1.237
COOPERATIVA DE CREDITO RURAL DE BOM JARDIM LTDA;58338;b3S;;I;2;BOM JARDIM;RJ;03/2006;521;0;0;279;86;886;0;0;0;0;0;0;0;121;1.007;0;34;1.041;0;194;1.235
COOPERATIVA DE ECONOMIA E CRÉDITO MÚTUO DOS PEQUENOS E MICROS EMPRESÁRIOS E MICROEMPREENDEDORES DA REGIÃO METROPOLITANA DE PORTO ALEGRE LTDA;6975532;b3S;;I;2;PORTO ALEGRE;RS;03/2006;73;0;0;56;705;833;0;0;0;0;0;0;0;0;833;0;47;880;0;349;1.229
COOPERATIVA DE ECONOMIA E CRÉDITO MÚTUO DOS SERVIDORES DO INSTITUTO BRASILEIRO DO MEIO AMBIENTE E DOS RECURSOS NATURAIS RENOVÁVEIS - SICOOB CREDIBAMA;2895102;b3S;;I;2;BRASILIA;DF;03/2006;0;0;0;0;0;0;0;0;0;0;0;0;0;129;129;0;76;206;0;1.021;1.227
COOPERATIVA DE ECONOMIA E CRÉDITO MÚTUO DOS SERVIDORES PÚBLICOS EM RIO BRANCO - ACRE;34709527;b3S;;I;2;RIO BRANCO;AC;03/2006;97;0;0;10;201;309;0;0;0;0;0;0;0;34;342;0;61;403;0;822;1.225
COOPERATIVA DE CRÉDITO RURAL DO RECÔNCAVO SUL - SICOOB RECÔNCAVO;3079626;b3S;;I;2;NAZARE;BA;03/2006;247;0;0;0;627;874;0;0;0;0;0;0;0;23;897;0;50;947;0;275;1.222
COOPERATIVA DE ECONOMIA E CRÉDITO MÚTUO DOS EMPREGADOS DA COMPANHIA VALE DO RIO DOCE DE MARIANA E REGIÃO LTDA - COOPAL;18295428;b3S;;I;2;MARIANA;MG;03/2006;0;0;0;0;0;0;0;0;0;0;0;0;0;0;0;0;69;69;0;1.151;1.220
COOPERATIVA DE CRÉDITO MÚTUO DOS EMPREGADOS DA FIAÇÃO ALPINA - COOPERALPINA;55319370;b3S;;I;2;VOTORANTIM;SP;03/2006;0;0;0;0;0;0;0;0;0;0;0;0;0;0;0;0;19;19;0;1.199;1.219
COOPERATIVA DE ECONOMIA E CRÉDITO MÚTUO DOS INTEGRANTES DO MINISTÉRIO PÚBLICO E PODER JUDICIÁRIO DA BAHIA;4892098;b3S;;I;2;SALVADOR;BA;03/2006;89;0;0;0;856;945;0;0;0;0;0;0;0;0;945;0;34;979;0;239;1.218
COOPERATIVA DE ECONOMIA E CREDITO MUTUO DOS EMPREGADOS DA FABRIMAR S.A. INDUSTRIA E COMERCIO LTDA;42240382;b3S;;I;2;RIO DE JANEIRO;RJ;03/2006;0;0;0;31;0;31;0;0;0;0;0;0;0;0;31;0;66;97;0;1.115;1.212
DASCAM CORRETORA DE CAMBIO S.A.;65645137;n2;;I;2;SAO PAULO;SP;03/2006;0;0;0;0;0;0;0;0;0;0;0;0;0;0;0;0;265;265;0;940;1.205
FLOW DISTRIBUIDORA DE TÍTULOS E VALORES MOBILIÁRIOS S.A.;5816451;n2;;I;2;SAO PAULO;SP;03/2006;0;0;0;0;0;0;0;0;0;0;0;0;0;0;0;0;141;141;0;1.064;1.205
COOPERATIVA DE CREDITO RURAL COM INTERACAO SOLIDARIA DE QUILOMBO -  CRESOL QUILOMBO;73254757;b3S;;I;2;QUILOMBO;SC;03/2006;168;0;0;422;0;589;0;0;0;0;0;0;0;235;825;0;163;987;0;211;1.198
ALVES FERREIRA CORRETORA DE CÃMBIO LTDA;85010361;n2;;I;2;CURITIBA;PR;03/2006;0;0;0;0;0;0;0;0;0;0;0;0;0;0;0;0;137;137;0;1.054;1.191
COOPERATIVA DE ECONOMIA E CRÉDITO MÚTUO DOS EMPREGADOS DA INDÚSTRIA DE PAPÉIS SUDESTE LTDA . - CREDESTE;18340695;b3S;;I;2;JUIZ DE FORA;MG;03/2006;0;0;0;0;0;0;0;0;0;0;0;0;0;0;0;0;431;431;0;759;1.189
MOEDA SOCIEDADE CORRETORA DE CÂMBIO LTDA.;43653450;n2;;I;2;SAO PAULO;SP;03/2006;0;0;0;0;0;0;0;0;0;0;0;0;0;0;0;0;761;761;0;427;1.187
MIDAS CCTVM S.A.;35602606;n2;;I;2;RECIFE;PE;03/2006;0;0;0;0;0;0;0;0;0;0;0;0;0;0;0;0;143;143;0;1.044;1.187
PAVARINI DISTRIBUIDORA DE TÍTULOS E VALORES MOBILIÁRIOS LTDA.;15227994;n2;;I;2;RIO DE JANEIRO;RJ;03/2006;0;0;0;0;0;0;0;0;0;0;0;0;0;0;0;0;310;310;0;876;1.186
COOPERATIVA DE CREDITO RURAL COM INTERACAO SOLIDARIA DE VIRMOND - CRESOL VIRMOND;4663561;b3S;;I;2;VIRMOND;PR;03/2006;144;0;0;127;0;272;0;0;0;0;0;0;0;86;357;0;314;671;0;514;1.185
COOPERATIVA DE CREDITO RURAL COM INTERACAO SOLIDARIA DE MAGUEIRINHA - CRESOL MANGUEIRINHA;2961072;b3S;;I;2;MANGUEIRINHA;PR;03/2006;111;0;0;161;0;272;0;0;0;0;0;0;0;59;331;0;320;651;0;528;1.179
COOPERATIVA DE ECONOMIA E CRÉDITO MÚTUO DOS EMPREGADOS DA COOPERATIVA CENTRAL DOS PRODUTORES RURAIS MINAS GERAIS LTDA- CREDITAMBE;3172283;b3S;;I;2;BELO HORIZONTE;MG;03/2006;97;0;0;0;400;497;0;0;0;0;0;0;0;0;497;0;56;553;0;623;1.176
COOPERATIVA DE CRÉDITO MÚTUO DOS SERVIDORES DA ASSEMBLEIA LEGISLATIVA DO ESTADO DE SÃO PAULO - COOPERALESP;4791645;b3S;;I;2;SAO PAULO;SP;03/2006;0;0;0;0;0;0;0;0;0;0;0;0;0;92;92;0;10;102;0;1.072;1.174
COOPERATIVA DE ECONOMIA E CRÉDITO MÚTUO DOS EMPREGADOS DO GRUPO METALAC - COOPERMETA;65594772;b3S;;I;2;SOROCABA;SP;03/2006;0;0;0;0;0;0;0;0;0;0;0;0;0;0;0;0;38;38;0;1.133;1.172
COOPERATIVA DE CRÉDITO RURAL SENHOR DO BONFIM;4317316;b3S;;I;2;SENHOR DO BONFIM;BA;03/2006;411;0;0;0;443;853;0;0;0;0;0;0;0;0;853;0;73;927;0;236;1.162
COOPERATIVA DE ECONOMIA E CREDITO MUTUO DOS SERVIDORES DA UERJ LTDA. - COOPUERJ;28885036;b3S;;I;2;RIO DE JANEIRO;RJ;03/2006;0;0;0;0;0;0;0;0;0;0;0;0;0;658;658;0;51;709;0;448;1.157
COOPERJUS - COOPERATIVA DE ECONOMIA E CRÉDITO MÚTUO DOS SERVIDORES DO PODER JUDICIÁRIO FEDERAL E MINISTÉRIO PÚBLICO DA UNIÃO NO ESTADO DO PARÁ.;83332700;b3S;;I;2;BELEM;PA;03/2006;0;0;0;0;0;0;0;0;0;0;0;0;0;135;135;0;49;184;0;972;1.156
COOPERATIVA DE CRÉDITO RURAL COM INTERAÇÃO SOLIDÁRIA DE ITATIBA DO SUL;5745533;b3S;;I;2;ITATIBA DO SUL;RS;03/2006;90;0;0;502;0;592;0;0;0;0;0;0;0;177;769;0;143;912;0;243;1.156
COOPERATIVA DE ECONOMIA E CRÉDITO MÚTUO DOS FUNCIONÁRIOS DA FUNDACAO EDUCACIONAL DE BARRETOS - COOPERFEB;2846074;b3S;;I;2;BARRETOS;SP;03/2006;0;0;0;0;0;0;0;0;0;0;0;0;0;0;0;0;44;44;0;1.110;1.155
COOPERATIVA DE ECONOMIA E CRÉDITO MÚTUO DOS EMPREGADOS DA PONTIFÍCIA UNIVERSIDADE CATÓLICA DO RIO DEJANEIRO LTDA.;42445122;b3S;;I;2;RIO DE JANEIRO;RJ;03/2006;0;0;0;51;0;51;0;0;0;0;0;0;0;0;51;0;189;240;0;914;1.153
COOPERATIVA DE ECONOMIA E CRÉDITO MÚTUO DOS SERVIDORES DA UNESP - COOPUNESP;69136075;b3S;;I;2;RIO CLARO;SP;03/2006;0;0;0;105;0;105;0;0;0;0;0;0;0;360;466;0;27;493;0;651;1.144
COOPERATIVA DE ECONOMIA E CREDITO MUTUO DOS SERVIDORES DO ENSINO SUPERIOR DO DISTRITO FEDERAL;3233248;b3S;;I;2;BRASILIA;DF;03/2006;65;0;0;0;579;645;0;0;0;0;0;0;0;0;645;0;28;673;0;469;1.142
SICOOB FEDERAL-PA - COOPERATIVA DE ECONOMIA E CRÉDITO MÚTUO DOS SERVIDORES PÚBLICOS FEDERAIS DA REGIÃO METROPOLITANA DE BELÉM DO PARÁ;83316810;b3S;;I;2;BELEM;PA;03/2006;0;0;0;0;0;0;0;0;0;0;0;0;0;0;0;0;230;230;0;912;1.141
COOPERATIVA DE ECONOMIA E CREDITO MUTUO DOS MEDICOS E DEMAIS PROFISSIONAIS DA SAUDE DO VALE DO JACUI LTDA;2093690;b3S;;I;2;SAO JERONIMO;RS;03/2006;183;0;0;607;0;791;0;0;0;0;0;0;0;0;791;0;22;812;0;328;1.141
COOPERATIVA DE ECONOMIA E CRÉDITO MÚTUO DOS COMERCIANTES DE CONFECÇÃO DO VESTUÁRIO DA REGIÃO DE CURVELO LTDA.;3962327;b3S;;I;2;CURVELO;MG;03/2006;271;0;0;524;0;795;0;0;0;0;0;0;0;0;795;0;60;855;0;283;1.138
COOPSEBRAE-COOPERATIVA DE CRÉDITO MÚTUO DOS FUNCIONÁRIOS DO SEBRAE/PB E DO SEBRAE/RN;41219353;b3S;;I;2;JOAO PESSOA;PB;03/2006;0;0;0;41;29;70;0;0;0;0;0;0;0;25;95;0;129;224;0;905;1.128
S. HAYATA CORRETORA DE CÂMBIO LTDA.;67391821;n2;;I;2;SAO PAULO;SP;03/2006;0;0;0;0;0;0;0;0;0;0;0;0;0;0;0;0;816;816;0;306;1.122
COOPERATIVA DE CREDITO RURAL COM INTERACAO SOLIDARIA DE PEROLA D'OESTE - CRESOL PEROLA D'OESTE;5138766;b3S;;I;2;PEROLA D'OESTE;PR;03/2006;249;0;0;191;0;440;0;0;0;0;0;0;0;49;489;0;256;745;0;373;1.118
COOPERATIVA DE CRÉDITO MÚTUO DOS EMPREGADOS DA CORNING BRASIL;47858162;b3S;;I;2;SUZANO;SP;03/2006;0;0;0;0;0;0;0;0;0;0;0;0;0;0;0;0;57;57;0;1.058;1.115
CREDILON SOCIEDADE DE CREDITO AO MICROEMPREENDEDOR DA REGIAO DE LONDRINA LTDA;4223451;n1;;I;2;LONDRINA;PR;03/2006;0;0;0;0;0;0;0;0;0;0;0;0;0;93;93;0;26;119;6;989;1.114
COOPERATIVA DE CREDITO RURAL COM INTERACAO SOLIDARIA DE PINHAO - CRESOL PINHAO;1276398;b3S;;I;2;PINHAO;PR;03/2006;126;0;0;325;0;451;0;0;0;0;0;0;0;84;536;0;294;829;0;283;1.113
ASM ASSET MANAGEMENT DISTRIBUIDORA DE TITULOS E VALORES MOBILIARIOS S/A;2678955;n2;;I;2;RIO DE JANEIRO;RJ;03/2006;0;0;0;0;0;0;0;0;0;0;0;0;0;0;0;0;53;53;0;1.055;1.108
LÓPEZ LEÓN BROKERS BRASIL DISTRIBUIDORA DE TÍTULOS E VALORES MOBILIÁRIOS LTDA.;414464;n2;;I;2;SAO PAULO;SP;03/2006;0;0;0;0;0;0;0;0;0;0;0;0;0;0;0;0;137;137;0;971;1.108
COLUNA S/A. DISTRIBUIDORA DE TITULOS E VALORES MOBILIÁRIOS;460065;n2;;I;2;RIO DE JANEIRO;RJ;03/2006;0;0;0;0;0;0;0;0;0;0;0;0;0;0;0;0;463;463;0;642;1.105
COOPERATIVA DE CRÉDITO RURAL DO VALE RIO CRIXÁS LTDA.;7108146;b3S;;I;2;CRIXAS;GO;03/2006;342;0;0;0;105;447;0;0;0;0;0;0;0;0;447;0;31;477;0;624;1.102
COOPERATIVA DE CRÉDITO MÚTUO DOS EMPREGADOS EM INSTITUIÇÕES INTEGRANTES DO SISTEMA FINANCEIRO NACIONAL EM CURITIBA E REGIÃO METROPOLITANA -COOPESF;5097757;b3S;;I;2;CURITIBA;PR;03/2006;22;0;0;772;0;794;0;0;0;0;0;0;0;0;794;0;9;803;0;292;1.096
ATLANTA SOCIEDADE DE CRÉDITO AO MICROEMPREENDEDOR LTDA;4772908;n1;;I;2;PASSOS;MG;03/2006;0;0;0;0;0;0;0;0;0;0;0;0;0;0;0;0;6;6;0;1.084;1.090
COOPERATIVA DE CREDITO RURAL COM INTERACAO SOLIDARIA DE RENASCENÇA - CRESOL RENASCENÇA;4350225;b3S;;I;2;RENASCENCA;PR;03/2006;167;0;0;342;0;509;0;0;0;0;0;0;0;23;532;0;181;713;0;376;1.089
COOPERATIVA DE ECONOMIA E CRÉDITO MÚTUO DOS FUNCIONÁRIOS DA NGK - COOPERNGK;57687899;b3S;;I;2;MOGI DAS CRUZES;SP;03/2006;0;0;0;0;0;0;0;0;0;0;0;0;0;0;0;0;21;21;0;1.058;1.079
COOPERATIVA DE CRÉDITO RURAL COM INTERAÇÃO SOLIDÁRIA DE ÁGUAS MORNAS - CRESOL ÁGUAS MORNAS;7512780;b3S;;I;2;AGUAS MORNAS;SC;03/2006;96;0;0;860;0;956;0;0;0;0;0;0;0;0;956;0;11;966;0;113;1.079
COOPERATIVA DE ECONOMIA E CREDITO MUTUO DOS SERVIDORES PUBLICOS DO MUNICIPIO DE CUIABA - CREDICUIABA;3365338;b3S;;I;2;CUIABA;MT;03/2006;52;0;0;0;62;114;0;0;0;0;0;0;0;250;364;0;193;557;0;521;1.078
COOPERATIVA DE ECONOMIA E CRÉDITO MÚTUO DOS SERVIDORES DO PODER EXECUTIVO FEDERAL NO MUNICÍPIO DE JOÃO PESSOA LTDA.;70106869;b3S;;I;2;JOAO PESSOA;PB;03/2006;59;0;0;0;42;102;0;0;0;0;0;0;0;324;426;0;78;504;0;570;1.074
CORRETORA AMAZONENSE DE CAMBIO LTDA.;4623781;n2;;I;2;MANAUS;AM;03/2006;0;0;0;0;0;0;0;0;0;0;0;0;0;0;0;0;82;82;0;990;1.072
COOPERATIVA DE ECONOMIA E CRÉDITO MÚTUO DOS EMPREGADOS DA VALE FERTILIZANTES DE UBERABA - COPERURA LTDA.;17607375;b3S;;I;2;UBERABA;MG;03/2006;0;0;0;0;0;0;0;0;0;0;0;0;0;165;165;0;31;196;0;872;1.068
COOPERATIVA DE CRÉDITO MÚTUO DOS SERVIDORES DO CENTRO  FEDERAL DE EDUCAÇÃO TECNOLÓGICA DA PARAÍBA - COOPERCRET LTDA.;2275781;b3S;;I;2;JOAO PESSOA;PB;03/2006;0;0;0;0;169;169;0;0;0;0;0;0;0;154;324;0;127;451;0;614;1.065
COOPERATIVA DE ECONOMIA E CREDITO MUTUO DOS CORRETORES DE SEGUROS DO ESPIRITO SANTO-CREDICORES;2996857;b3S;;I;2;VITORIA;ES;03/2006;569;0;0;0;339;908;0;0;0;0;0;0;0;0;908;0;61;968;0;95;1.064
COOPERATIVA DE CREDITO RURAL COM INTERACAO SOLIDARIA DE CENTENARIO - CRESOL CENTENARIO;2904138;b3S;;I;2;AUREA;RS;03/2006;101;0;0;332;0;434;0;0;0;0;0;0;0;196;629;0;73;702;0;357;1.060
COOPERATIVA DE CRÉDITO DOS FUNCIONÁRIOS DO GRUPO TERMOMECÂNICA COOPERTERMO;2495863;b3S;;I;2;SAO BERNARDO DO CAMPO;SP;03/2006;0;0;0;748;0;748;0;0;0;0;0;0;0;0;748;0;7;755;0;304;1.059
COOPERATIVA DE CRÉDITO MÚTUO DOS INTEGRANTES DA JUSTIÇA DO TRABALHO DA 13ª REGIÃO LTDA.;4608925;b3S;;I;2;JOAO PESSOA;PB;03/2006;0;0;0;221;2;224;0;0;0;0;0;0;0;0;224;0;18;242;0;815;1.057
ERG DISTRIBUIDORA DE TITULOS E VALORES MOBILIARIOS LTDA;39905708;n2;;I;2;RIO DE JANEIRO;RJ;03/2006;0;0;0;0;0;0;0;0;0;0;0;0;0;0;0;0;51;51;0;1.003;1.054
J. ALVES CORRETORA DE CAMBIO LTDA;69078350;n2;;I;2;SAO PAULO;SP;03/2006;0;0;0;0;0;0;0;0;0;0;0;0;0;0;0;0;164;164;0;886;1.049
COOPERATIVA DE CRÉDITO MÚTUO DOS COMERCIANTES DE VESTUÁRIO DE MOGI GUAÇU - CREDIACIMG;5858518;b3S;;I;2;MOGI-GUACU;SP;03/2006;223;0;0;0;560;783;0;0;0;0;0;0;0;0;783;0;24;806;0;239;1.046
COOPERATIVA DE ECONOMIA E CREDITO MUTUO DOS FUNCIONARIOS DA VIACAO NOSSA SENHORA DO AMPARO;2192115;b3S;;I;2;MARICA;RJ;03/2006;0;0;0;44;0;44;0;0;0;0;0;0;0;4;48;0;91;139;0;903;1.042
COOPERATIVA DE ECONOMIA E CRÉDITO MÚTUO DOS EMPREGADOS DA ELEKTRO;56396682;b3S;;I;2;RIO CLARO;SP;03/2006;0;0;0;0;0;0;0;0;0;0;0;0;0;0;0;0;167;167;0;872;1.039
POLINVEST CORRETORA DE CÂMBIO, TÍTULOS E VALORES MOBILIÁRIOS LTDA.;52915386;n2;;I;2;SAO PAULO;SP;03/2006;0;0;0;0;0;0;0;0;0;0;0;0;0;0;0;0;80;80;0;946;1.026
COOPERATIVA DE ECONOMIA E CRÉDITO MÚTUO DOS FUNCIONÁRIOS DA SPIRAX SARCO IND. E COM.;62781158;b3S;;I;2;COTIA;SP;03/2006;0;0;0;0;0;0;0;0;0;0;0;0;0;0;0;0;23;23;0;996;1.020
B & T ASSOCIADOS CORRETORA DE CÂMBIO LTDA.;73622748;n2;;I;2;RIO DE JANEIRO;RJ;03/2006;0;0;0;0;0;0;0;0;0;0;0;0;0;0;0;0;330;330;0;682;1.012
COOPERATIVA DE CREDITO RURAL COM INTERACAO SOLIDARIA DE CANDOI - CRESOL CANDOI;3356447;b3S;;I;2;CANDOI;PR;03/2006;118;0;0;156;2;276;0;0;0;0;0;0;0;67;343;0;220;562;0;446;1.008
COOPERATIVA DE CRÉDITO RURAL HORIZONTES NOVOS DE BARÃO DE COTEGIPE - CREHNOR NORTE;5996245;b3S;;I;2;BARAO DE COTEGIPE;RS;03/2006;166;0;0;538;0;704;0;0;0;0;0;0;0;0;704;0;5;709;0;296;1.005
COOPERATIVA DE ECONOMIA E CRÉDITO MÚTUO DOS EMPREGADOS E SERVIDORES VINCULADOS À SECRETARIA ESPECIAL DE PRODUÇÃO DO ESTADO DO PARÁ LTDA.;34600668;b3S;;I;2;BELEM;PA;03/2006;0;0;0;0;0;0;0;0;0;0;0;0;0;0;0;0;113;113;0;872;985
COOPERATIVA DE CRÉDITO DOS FUNCIONÁRIOS DO GRUPO PPG;3657230;b3S;;I;2;SUMARE;SP;03/2006;0;0;0;0;0;0;0;0;0;0;0;0;0;526;526;0;97;624;0;360;984
UNIVERSICRED COOPERATIVA DE ECONOMIA E CREDITO MUTUO DOS EMPREGADOS DA ASOEC - ASSOCIACAO SALGADO DE OLIVEIRA;7042196;b3S;;I;2;NITEROI;RJ;03/2006;0;0;0;201;0;201;0;0;0;0;0;0;0;0;201;0;27;228;0;755;984
COOPERATIVA DE ECONOMIA E CREDITO MUTUO DOS EMPREGADOS DA LANSUL E ARTEFINA LTDA;88183173;b3S;;I;2;SAPUCAIA DO SUL;RS;03/2006;0;0;0;0;0;0;0;0;0;0;0;0;0;0;0;0;38;38;0;944;982
COOPERATIVA DE CRÉDITO RURAL COM INTERAÇÃO SOLIDÁRIA DE CAPANEMA - CRESOL CAPANEMA;1201006;b3S;;I;2;CAPANEMA;PR;03/2006;161;0;0;356;0;517;0;0;0;0;0;0;0;56;574;0;115;689;0;290;979
COOPERATIVA DE ECONOMIA E CRÉDITO MÚTUO DOS EMPREGADOS DA ALCOA ALUMÍNIO S/A E EMPRESAS SUBSIDIÁRIAS NO ESTADO DE MINAS GERAIS LTDA. - CREDIAL;18625152;b3S;;I;2;POCOS DE CALDAS;MG;03/2006;0;0;0;0;0;0;0;0;0;0;0;0;0;34;34;0;79;113;0;864;977
CARAVELLO S.A - CORRETORA DE CAMBIO;3136334;n2;;I;2;RIO DE JANEIRO;RJ;03/2006;0;0;0;0;0;0;0;0;0;0;0;0;0;0;0;0;588;588;0;387;975
COOPERATIVA DE CREDITO RURAL COM INTERACAO SOLIDARIA DE SANTA MARIA-CRESOL SANTA MARIA;5220232;b3S;;I;2;SANTA MARIA;RS;03/2006;105;0;0;357;0;463;0;0;0;0;0;0;0;134;597;0;82;678;0;293;972
COOPERATIVA DE CREDITO RURAL DO PIEMONTE - SICOOB CREDIMONTE;5602448;b3S;;I;2;JACOBINA;BA;03/2006;150;0;0;98;220;469;0;0;0;0;0;0;0;361;830;0;54;884;0;81;965
COOPERATIVA DE ECONOMIA E CRÉDITO MÚTUO DOS COLABORADORES DO GRUPO EMPRESARIAL A COSTA LTDA.;20062766;b3S;;I;2;VISCONDE DO RIO BRANCO;MG;03/2006;0;0;0;0;0;0;0;0;0;0;0;0;0;0;0;0;57;57;0;907;963
TIME - DISTRIBUIDORA DE TITULOS E VALORES MOBILIARIOS LTDA;58232208;n2;;I;2;RIO DE JANEIRO;RJ;03/2006;0;0;0;0;0;0;0;0;0;0;0;0;0;0;0;0;8;8;0;950;958
PATAÇÃO DISTRIBUIDORA DE TÍTULOS E VALORES MOBILIÁRIOS LTDA.;59615005;n2;;I;2;SOROCABA;SP;03/2006;0;0;0;0;0;0;0;0;0;0;0;0;0;0;0;0;132;132;0;811;943
GRACO CORRETORA DE CAMBIO S.A.;65982589;n2;;I;2;POA;SP;03/2006;0;0;0;0;0;0;0;0;0;0;0;0;0;0;0;0;500;500;0;438;939
COOPERATIVA DE CRÉDITO RURAL DOS EMPREENDEDORES RURAIS DE RIO VERDE E REGIÃO - GOIÁS;6332931;b3S;;I;2;RIO VERDE;GO;03/2006;132;0;0;0;566;699;0;0;0;0;0;0;0;75;774;0;162;936;0;3;939
COOPERATIVA DE CRÉDITO RURAL HORIZONTES NOVOS DE IBIRAIARAS LTDA - CREHNOR NORDESTE;6139650;b3S;;I;2;IBIRAIARAS;RS;03/2006;225;0;0;316;1;542;0;0;0;0;0;0;0;0;542;0;53;595;0;342;937
COOPERATIVA DE CRÉDITO RURAL COM INTERAÇÃO SOLIDÁRIA DE FREI ROGÉRIO - CRESOL FREI ROGÉRIO;6890201;b3S;;I;2;FREI ROGERIO;SC;03/2006;211;0;0;227;0;438;0;0;0;0;0;0;0;272;711;0;25;736;0;201;937
EUROINVEST S/A CORRETORA DE CAMBIO,TITS.E VALS.MOBILIARIOS;34190991;n2;;I;2;SALVADOR;BA;03/2006;0;0;0;0;0;0;0;0;0;0;0;0;0;0;0;0;2;2;0;924;927
BANCOM SOCIEDADE CORRETORA DE CAMBIO S.A;67212035;n2;;I;2;SAO BERNARDO DO CAMPO;SP;03/2006;0;0;0;0;0;0;0;0;0;0;0;0;0;0;0;0;2.773;2.773;0;-1.847;926
COOPERATIVA DE CREDITO RURAL COM INTERACAO SOLIDARIA DE ITAPERUÇU - CRESOL ITAPERUÇU;4496867;b3S;;I;2;ITAPERUCU;PR;03/2006;131;0;0;208;0;339;0;0;0;0;0;0;0;34;373;0;106;479;0;447;926
COOPERATIVA DE CREDITO RURAL COM INTERACAO SOLIDARIA DE MARCELINO RAMOS-CRESOL MARCELINO RAMOS;5211129;b3S;;I;2;MARCELINO RAMOS;RS;03/2006;73;0;0;414;0;487;0;0;0;0;0;0;0;183;670;0;53;723;0;196;920
COOPERATIVA DE CRÉDITO RURAL COM INTERAÇÃO SOLIDÁRIA DE ALFREDO WAGNER - CRESOL ALFREDO WAGNER;5494591;b3S;;I;2;ALFREDO WAGNER;SC;03/2006;172;0;0;166;0;338;0;0;0;0;0;0;0;309;648;0;28;675;0;243;918
CM CAPITAL MARKETS DISTRIBUIDORA DE TÍTULOS E VALORES MOBILIÁRIOS LTDA;2671743;n2;;I;3;SAO PAULO;SP;03/2006;0;0;0;0;0;0;0;0;0;0;0;0;0;0;0;0;6;6;0;911;917
CREDICORP CORRETORA DE CAMBIO LTDA.;72182306;n2;;I;2;RIO DE JANEIRO;RJ;03/2006;0;0;0;0;0;0;0;0;0;0;0;0;0;0;0;0;260;260;0;654;914
COOPERATIVA DE ECONOMIA E CRÉDITO MÚTUO DOS GRÁFICOS DA REGIÃO METROPOLITANA DE BELO HORIZONTE LIMITADA;3921828;b3S;;I;2;BELO HORIZONTE;MG;03/2006;117;0;0;0;508;624;0;0;0;0;0;0;0;0;624;0;43;667;0;245;912
COOPERATIVA DE CREDITO RURAL COM INTERACAO SOLIDARIA DE CRUZ MACHADO - CRESOL CRUZ MACHADO;5277312;b3S;;I;2;CRUZ MACHADO;PR;03/2006;69;0;0;404;0;472;0;0;0;0;0;0;0;46;518;0;160;678;0;231;909
COOPERATIVA DE ECONOMIA E CRÉDITO MÚTUO DOS EMPREGADOS DA DELPHOS LTDA.;29326816;b3S;;I;2;RIO DE JANEIRO;RJ;03/2006;0;0;0;0;187;187;0;0;0;0;0;0;0;0;187;0;220;408;0;500;907
COOPERATIVA DE ECONOMIA E CRÉDITO MÚTUO DOS FUNCIONÁRIOS DO GRUPO VOTORANTIM LIMITADA.;75174953;b3S;;I;2;RIO BRANCO DO SUL;PR;03/2006;0;0;0;0;0;0;0;0;0;0;0;0;0;0;0;0;28;28;0;877;905
COOPERATIVA DE ECONOMIA E CRÉDITO MÚTUO DOS EMPREGADOS DA JOLIMODE ROUPAS E EMPRESAS COLIGADAS LTDA;28244622;b3S;;I;2;RIO DE JANEIRO;RJ;03/2006;0;0;0;0;0;0;0;0;0;0;0;0;0;0;0;0;58;58;0;846;904
CREDSAM - COOPERATIVA DE CRÉDITO DOS FUNCIONÁRIOS DO GRUPO SAMELLO;1495247;b3S;;I;2;FRANCA;SP;03/2006;0;0;0;0;0;0;0;0;0;0;0;0;0;2;2;0;71;73;0;831;903
AGK CORRETORA DE CAMBIO S.A.;250699;n2;;I;2;SAO PAULO;SP;03/2006;0;0;0;0;0;0;0;0;0;0;0;0;0;0;0;0;438;438;0;464;902
COOPERATIVA DE ECONOMIA E CRÉDITO MÚTUO DOS FUNCIONÁRIOS DA CORREIAS MERCÚRIO;67607564;b3S;;I;2;JUNDIAI;SP;03/2006;0;0;0;0;0;0;0;0;0;0;0;0;0;0;0;0;24;24;0;873;897
COOPERATIVA DE CREDITO RURAL COM INTERACAO SOLIDARIA DE GUARACIABA-CRESOL GUARACIABA;5400634;b3S;;I;2;GUARACIABA;SC;03/2006;34;0;0;365;0;399;0;0;0;0;0;0;0;265;664;0;38;702;0;193;895
AGENTE BR SOCIEDADE CORRETORA DE CÂMBIO LTDA.;66595083;n2;;I;2;SAO PAULO;SP;03/2006;0;0;0;0;0;0;0;0;0;0;0;0;0;0;0;0;150;150;0;745;894
COOPERATIVA DE CRÉDITO DOS METALÚRGICOS DO ABC - CREDABC;5740092;b3S;;I;2;SAO BERNARDO DO CAMPO;SP;03/2006;0;0;0;321;0;321;0;0;0;0;0;0;0;0;321;0;0;321;0;571;892
CORREPARTI CORRETORA DE CAMBIO LTDA;80202872;n2;;I;2;CURITIBA;PR;03/2006;0;0;0;0;0;0;0;0;0;0;0;0;0;0;0;0;134;134;0;757;891
COOPERATIVA DE CREDITO RURAL COM INTERACAO SOLIDARIA DE CERRO AZUL - CRESOL CERRO AZUL;5326643;b3S;;I;2;CERRO AZUL;PR;03/2006;122;0;0;364;0;486;0;0;0;0;0;0;0;17;503;0;111;614;0;266;880
LIBERTY - SOCIEDADE DE CRÉDITO AO MICROEMPREENDEDOR LTDA;5232450;n1;;I;2;MARINGA;PR;03/2006;0;0;0;0;0;0;0;0;0;0;0;0;0;0;0;0;36;36;11;832;879
COOPERATIVA DE CRÉDITO MÚTUO DOS SERVIDORES PÚBLICOS ESTADUAIS DA PARAÍBA - CREDS LTDA.;3373150;b3S;;I;2;JOAO PESSOA;PB;03/2006;0;0;0;0;60;60;0;0;0;0;0;0;0;0;60;0;39;99;0;777;876
ORBIVAL CORRETORA DE CAMBIO E VALORES MOBILIARIOS LTDA;87530;n2;;I;2;PORTO ALEGRE;RS;03/2006;0;0;0;0;0;0;0;0;0;0;0;0;0;0;0;0;1.276;1.276;0;-403;872
COOPERATIVA DE ECONOMIA E CRÉDITO MÚTUO DOS SERVIDORES  ESTADUAIS DO PODER EXECUTIVO DO ESTADO DO ACRE EM RIO BRANCO;3232959;b3S;;I;2;RIO BRANCO;AC;03/2006;37;0;0;304;0;341;0;0;0;0;0;0;0;40;381;0;141;523;0;348;871
COOPERATIVA DE CRÉDITO RURAL COM INTERAÇÃO SOLIDÁRIA DE PAIM FILHO;7252614;b3S;;I;2;PAIM FILHO;RS;03/2006;112;0;0;353;0;465;0;0;0;0;0;0;0;157;622;0;69;691;0;179;870
COOPERATIVA DE CREDITO RURAL COM INTERACAO SOLIDARIA DE SANTA IZABEL DO OESTE - CRESOL SANTA IZABEL DO OESTE;5276770;b3S;;I;2;SANTA IZABEL DO OESTE;PR;03/2006;124;0;0;237;0;361;0;0;0;0;0;0;0;31;392;0;166;558;0;309;866
COOPERATIVA DE CRÉDITO RURAL COM INTERAÇÃO SOLIDÁRIA DE SANTA LÚCIA - CRESOL SANTA LÚCIA;7268499;b3S;;I;2;SANTA LUCIA;PR;03/2006;151;0;0;206;0;357;0;0;0;0;0;0;0;54;411;0;107;518;0;348;866
COOPERATIVA DE ECONOMIA E CRÉDITO MÚTUO DOS EMPREGADOS DAS  EMPRESAS DE VIGILÂNCIA, ASSEIO E CONSERVAÇÃO DE BELÉM DO PARÁ;2413228;b3S;;I;2;BELEM;PA;03/2006;0;0;0;0;0;0;0;0;0;0;0;0;0;0;0;0;84;84;0;778;861
COOPERATIVA DE ECONOMIA E CREDITO MUTUO DOS FUNCIONARIOS DOS CORREIOS NO ESTADO DO RIO GRANDE DO SUL;87956355;b3S;;I;2;PORTO ALEGRE;RS;03/2006;0;0;0;0;0;0;0;0;0;0;0;0;0;0;0;0;102;102;0;757;859
COOPERATIVA DE ECONOMIA E CREDITO MUTUO DOS SERVIDORES DO INCRA LTDA;34045930;b3S;;I;2;RIO DE JANEIRO;RJ;03/2006;0;0;0;0;0;0;0;0;0;0;0;0;0;0;0;0;59;59;0;800;859
COOPERATIVA DE ECONOMIA E CREDITO MUTUO DOS SERVIDORES PUBLICOS ESTADUAIS DO PODER EXECUTIVO DO ESTADO DE MATO GROSSO - COOPERFAZ;3032915;b3S;;I;2;CUIABA;MT;03/2006;101;0;0;0;0;102;0;0;0;0;0;0;0;2.175;2.277;0;104;2.381;0;-1.532;849
COOPERATIVA DE ECONOMIA E CRÉDITO MÚTUO DOS EMPREGADOS DAS EMPRESAS PLASCAR;17411307;b3S;;I;2;JUNDIAI;SP;03/2006;0;0;0;0;0;0;0;0;0;0;0;0;0;0;0;0;21;21;0;821;842
LLA - DISTRIBUIDORA DE TÍTULOS E VALORES MOBILIÁRIOS LTDA.;67600379;n2;;I;2;SAO PAULO;SP;03/2006;0;0;0;0;0;0;0;0;0;0;0;0;0;0;0;0;190;190;0;650;840
RENOVA CORRETORA DE CÂMBIO LTDA.;72760713;n2;;I;2;SAO PAULO;SP;03/2006;0;0;0;0;0;0;0;0;0;0;0;0;0;2;2;0;378;380;0;459;839
COOPERATIVA DE CREDITO DOS EMPRESARIOS DO SECOVI-GO LTDA;7599206;b3S;;I;2;GOIANIA;GO;03/2006;231;0;0;0;362;593;0;0;0;0;0;0;0;0;593;0;37;630;0;207;837
QUANTIA DISTRIBUIDORA DE TITULOS E VALORES MOBILIARIOS LTDA;68726611;n2;;I;2;SAO PAULO;SP;03/2006;0;0;0;0;0;0;0;0;0;0;0;0;0;12;12;0;209;221;0;612;832
BRASIL CENTRAL S.A. DISTRIBUIDORA DE TIT. E VAL. MOBILIARIOS;33488222;n2;;I;2;RIO DE JANEIRO;RJ;03/2006;0;0;0;0;0;0;0;0;0;0;0;0;0;0;0;0;119;119;0;711;830
TORRE CORRETORA DE CÂMBIO S/A;57582264;n2;;I;2;SAO PAULO;SP;03/2006;0;0;0;0;0;0;0;0;0;0;0;0;0;0;0;0;455;455;0;372;828
COOPERATIVA DE ECONOMIA E CRÉDITO MÚTUO DOS FUNCIONÁRIOS DA SELENE;72952138;b3S;;I;2;CERQUILHO;SP;03/2006;0;0;0;0;0;0;0;0;0;0;0;0;0;0;0;0;10;10;0;815;825
COOPERATIVA DE CREDITO RURAL COM INTERACAO SOLIDARIA DE CAMPO NOVO-CRESOL CAMPO NOVO;4599400;b3S;;I;2;CAMPO NOVO;RS;03/2006;90;0;0;223;0;314;0;0;0;0;0;0;0;177;491;0;47;537;0;287;824
COOPERATIVA DE CREDITO RURAL DE PORECATU;78420262;b3S;;I;2;PORECATU;PR;03/2006;219;0;0;0;0;219;0;0;0;0;0;0;0;0;219;0;80;298;0;525;823
COOPERATIVA DE ECONOMIA E CREDITO MUTUO DOS EMPREGADOS DO COLEGIO SANTO INACIO - COESI;2447184;b3S;;I;2;RIO DE JANEIRO;RJ;03/2006;0;0;0;0;0;0;0;0;0;0;0;0;0;0;0;0;142;142;0;679;821
COOPERATIVA DE CREDITO RURAL COM INTERACAO SOLIDARIA DE GUARANIAÇU - CRESOL GUARANIAÇU;5121687;b3S;;I;2;GUARANIACU;PR;03/2006;117;0;0;155;0;272;0;0;0;0;0;0;0;47;319;0;242;561;0;257;818
COOPERATIVA DE CREDITO RURAL COM INTERACAO SOLIDARIA DE IBEMA - CRESOL IBEMA;4232022;b3S;;I;2;IBEMA;PR;03/2006;105;0;0;100;0;205;0;0;0;0;0;0;0;69;274;0;172;446;0;370;816
COOPERATIVA DE CRÉDITO RURAL COM INTERAÇÃO SOLIDÁRIA DE HUMAITÁ - CRESOL HUMAITÁ;5983995;b3S;;I;2;HUMAITA;RS;03/2006;69;0;0;373;0;442;0;0;0;0;0;0;0;193;635;0;22;657;0;157;814
EDIMOM LTDA. - SOCIEDADE DE CREDITO AO MICROEMPREENDEDOR;3635061;n1;;I;2;PAULINIA;SP;03/2006;0;0;0;0;0;0;0;0;0;0;0;0;0;401;401;0;44;445;0;363;808
COOPERATIVA DE ECONOMIA E CRÉDITO MÚTUO DOS FUNCIONÁRIOS DO  BANCO DA AMAZÔNIA;2827982;b3S;;I;2;BELEM;PA;03/2006;0;0;0;88;0;88;0;0;0;0;0;0;0;0;88;0;3;91;0;716;807
FOURTRADE CORRETORA DE CÂMBIO LTDA.;40353377;n2;;I;2;RIO DE JANEIRO;RJ;03/2006;0;0;0;0;0;0;0;0;0;0;0;0;0;0;0;0;278;278;0;523;801
COOPERATIVA DE CREDITO MUTUO DOS SERVIDORES PUBLICOS DA PREFEITURA DA CIDADE DO RJ-POUPRIO;4665046;b3S;;I;2;RIO DE JANEIRO;RJ;03/2006;0;0;0;0;0;0;0;0;0;0;0;0;0;800;800;0;943;1.743;0;-944;799
COOPERATIVA DE ECONOMIA E CRÉDITO MÚTUO DOS FUNCIONÁRIOS DA USINA SÃO CARLOS;2346466;b3S;;I;2;JABOTICABAL;SP;03/2006;0;0;0;0;0;0;0;0;0;0;0;0;0;0;0;0;42;42;0;753;796
COOPERATIVA DE ECONOMIA E CREDITO MUTUO DOS SERVIDORES DA POLICIA MILITAR E DO CORPO DE BOMBEIROS MILITAR DE MATO GROSSO - CREDIMIL;2313983;b3S;;I;2;CUIABA;MT;03/2006;88;0;0;179;0;267;0;0;0;0;0;0;0;77;344;0;129;473;0;305;778
COOPERATIVA DE CRÉDITO RURAL DOS AGROPECUARISTAS DA REGIÃO DE PORTO FELIZ;50334234;b3S;;I;2;PORTO FELIZ;SP;03/2006;0;0;0;0;0;0;0;0;0;0;0;0;0;0;0;0;43;43;0;729;772
RPW SOCIEDADE DE CREDITO AO MICROEMPREENDEDOR LTDA.;6249129;n1;;I;2;SAO PAULO;SP;03/2006;0;0;0;0;0;0;0;0;0;0;0;0;0;323;323;0;34;357;0;413;769
COOPERATIVA DE ECONOMIA E CRÉDITO MÚTUO DOS COMERCIANTES DE VESTUÁRIO E CONFECÇÕES DE CACHOEIRO DO ITAPEMIRIM - CREDSUL;2330334;b3S;;I;2;CACHOEIRO DE ITAPEMIRIM;ES;03/2006;116;0;0;5;22;143;0;0;0;0;0;0;0;98;241;0;148;389;0;379;768
COOPERATIVA CENTRAL DE CREDITO RURAL DOS PEQUENOS AGRICULTORES E DA REFORMA AGRARIA LTDA - CREHNOR CENTRAL;5879577;b3C;;I;2;SARANDI;RS;03/2006;0;0;0;66;0;66;0;0;0;0;0;0;0;0;66;0;539;605;0;154;759
COOPERATIVA DE CRÉDITO RURAL COSTA DO DENDÊ;3087263;b3S;;I;2;TAPEROA;BA;03/2006;351;0;0;16;203;570;0;0;0;0;0;0;0;0;570;0;141;711;0;46;757
COOPERATIVA DE CRÉDITO RURAL BOM JESUS DA LAPA -SICOOB CREDILAPA;1499061;b3S;;I;2;BOM JESUS DA LAPA;BA;03/2006;1.272;0;0;0;0;1.272;0;0;0;0;0;0;0;41;1.313;0;242;1.555;0;-799;756
COOPERATIVA DE ECONOMIA E CREDITO MUTUO DOS SERVIDORES MUNICIPAIS DE VOLTA REDONDA LTDA;1819799;b3S;;I;2;VOLTA REDONDA;RJ;03/2006;0;0;0;0;0;0;0;0;0;0;0;0;0;0;0;0;45;45;0;710;754
COOPERATIVA DE CREDITO RURAL COM INTERACAO SOLIDARIA IPUMIRIM- CRESOL IPUMIRIM;5427501;b3S;;I;2;IPUMIRIM;SC;03/2006;107;0;0;328;0;435;0;0;0;0;0;0;0;177;612;0;33;645;0;107;752
PENTAGONO S/A DISTRIBUIDORA DE TITULOS E VALORES MOBILIARIOS;17343682;n2;;I;2;RIO DE JANEIRO;RJ;03/2006;0;0;0;0;0;0;0;0;0;0;0;0;0;0;0;0;34;34;0;715;749
COOPERATIVA DE ECONOMIA E CRÉDITO MÚTUO DOS CONTABILISTAS,  ADMINISTRADORES E ECONOMISTAS DE MACEIÓ/AL, CONTCRED MACEIÓ;3056109;b3S;;I;2;MACEIO;AL;03/2006;53;0;0;381;0;434;0;0;0;0;0;0;0;0;434;0;19;453;0;295;747
COOPERATIVA DE ECONOMIA E CRÉDITO MÚTUO DOS FUNCIONÁRIOS DA MAXION LTDA.;44378586;b3S;;I;2;CONTAGEM;MG;03/2006;0;0;0;0;0;0;0;0;0;0;0;0;0;0;0;0;63;63;0;680;743
COOPESA-COOPERATIVA DE ECONOMIA E CREDITO MUTUO DOS FUNCIONARIOS DA COESA TRNSPORTES E EMPRESAS COLIGADAS LTDA;68848563;b3S;;I;2;SAO GONCALO;RJ;03/2006;0;0;0;0;0;0;0;0;0;0;0;0;0;0;0;0;89;89;0;653;742
COOPERATIVA DE ECONOMIA E CRÉDITO MÚTUO DOS EMPREGADOS DA EATON LTDA.;43553049;b3S;;I;2;SAO JOSE DOS CAMPOS;SP;03/2006;0;0;0;0;0;0;0;0;0;0;0;0;0;49;49;0;17;65;0;674;739
COOPERATIVA DE CREDITO RURAL COM INTERACAO SOLIDARIA DE VERA CRUZ DO OESTE - CRESOL VERA CRUZ DO OESTE;5152177;b3S;;I;2;VERA CRUZ DO OESTE;PR;03/2006;133;0;0;163;0;296;0;0;0;0;0;0;0;28;324;0;174;497;0;242;739
COOPERATIVA DE CREDITO RURAL COM INTERACAO SOLIDARIA DE LINDOESTE - CRESOL LINDOESTE;3013889;b3S;;I;2;LINDOESTE;PR;03/2006;153;0;0;109;0;262;0;0;0;0;0;0;0;70;331;0;198;529;0;207;736
COOPERATIVA DE ECONOMIA E CRÉDITO MÚTUO DOS SERVIDORES DA PREFEITURA MUNICIPAL DE VOTORANTIM;52137361;b3S;;I;2;VOTORANTIM;SP;03/2006;0;0;0;0;0;0;0;0;0;0;0;0;0;0;0;0;123;123;0;607;730
COOPERATIVA DE ECONOMIA E CRÉDITO MÚTUO DOS FUNCIONÁRIOS DE ZANETTINI BAROSSI;52218849;b3S;;I;2;SAO PAULO;SP;03/2006;0;0;0;0;0;0;0;0;0;0;0;0;0;26;26;0;37;63;0;657;721
COOPERATIVA DE CRÉDITO RURAL DA AGRICULTURA FAMILIAR COM INTERAÇÃO SOLIDÁRIA DE JATAI - CREDIJAT;5201878;b3S;;I;2;JATAI;GO;03/2006;82;0;0;100;0;183;0;0;0;0;0;0;0;0;183;0;40;222;0;495;717
COOPERATIVA DE ECONOMIA E CRÉDITO MUTUO DOS PROFISSIONAIS DA ÁREA DE SAÚDE DA REGIÃO DE SÃO JOSÉ DO RIO PARDO - RIO PARDO CREDSAÚDE;2917641;b3S;;I;2;SAO JOSE DO RIO PARDO;SP;03/2006;72;0;0;148;0;220;0;0;0;0;0;0;0;637;856;0;43;899;0;-182;717
COOPERATIVA DE CREDITO RURAL COM INTERACAO SOLIDARIA DE SANTA MARIA DO OESTE - CRESOL SANTA MARIA DO OESTE;5169275;b3S;;I;2;SANTA MARIA DO OESTE;PR;03/2006;109;0;0;147;0;257;0;0;0;0;0;0;0;62;319;0;223;542;0;174;716
EBADIVAL - E. BAGGIO DISTRIB. DE TITS. E VALS. MOBS. LTDA;89784367;n2;;I;2;CURITIBA;PR;03/2006;0;0;0;0;0;0;0;0;0;0;0;0;0;0;0;0;25;25;0;683;708
COOPERATIVA DE ECONOMIA E CRÉDITO MÚTUO DOS EMPREGADOS DA CENTRAIS ELETRICAS DO PARÁ - COECELPA;1120042;b3S;;I;2;BELEM;PA;03/2006;0;0;0;0;0;0;0;0;0;0;0;0;0;0;0;0;93;93;0;613;707
COOPERATIVA DE ECONOMIA E CRÉDITO MÚTUO DOS BANCÁRIOS DO TRIÂNGULO LTDA.;1301541;b3S;;I;2;UBERLANDIA;MG;03/2006;231;0;0;186;0;418;0;0;0;0;0;0;0;0;418;0;23;441;0;262;703
COOPERATIVA DE CRÉDITO RURAL DOS PLANTADORES DE CANA DO RIO GRANDE DO NORTE;8118630;b3S;;I;2;NATAL;RN;03/2006;87;0;0;0;0;87;0;0;0;0;0;0;0;0;87;0;281;368;0;333;702
DUBEUX - CORRETORA DE CAMBIO, TITULOS E VALORES MOB LTDA;10987659;n2;;I;2;RECIFE;PE;03/2006;0;0;0;0;0;0;0;0;0;0;0;0;0;0;0;0;107;107;0;593;700
COOPERATIVA DE ECONOMIA E CRÉDITO MÚTUO DOS PANIFICADORES BELO HORIZONTE E  REGIÃO METROPOLITANA LTDA.;1068432;b3S;;I;2;BELO HORIZONTE;MG;03/2006;0;0;0;331;0;331;0;0;0;0;0;0;0;28;359;0;42;401;0;290;691
COOPERATIVA DE ECONOMIA E CRÉDITO MÚTUO DOS EMPREGADOS DA UNIFI - CREDIUNIFI;3685335;b3S;;I;2;SAO PAULO;SP;03/2006;0;0;0;0;0;0;0;0;0;0;0;0;0;0;0;0;33;33;0;656;689
COOPERATIVA DE ECONOMIA E CRÉDITO MÚTUO DOS BANCÁRIOS DE BELO HORIZONTE E REGIÃO METROPOLITANA LTDA. - COOPEB;71502181;b3S;;I;2;BELO HORIZONTE;MG;03/2006;0;0;0;0;179;179;0;0;0;0;0;0;0;0;179;0;86;265;0;423;689
SANTINVEST S.A. DISTRIBUIDORA DE TIT. E VALORES MOBILIARIOS;122328;n2;;I;2;FLORIANOPOLIS;SC;03/2006;0;0;0;0;0;0;0;0;0;0;0;0;0;0;0;0;14;14;0;673;687
COOPERATIVA DE CRÉDITO MÚTUO DOS SERVIDORES PÚBLICOS MUNICIPAIS DE CHAPECÓ - CREDI CHAPECÓ;4769421;b3S;;I;2;CHAPECO;SC;03/2006;0;0;0;526;0;526;0;0;0;0;0;0;0;0;526;0;11;537;0;150;687
CONSULTRADE-CORRETORA DE CAMBIO, TIT. E VAL. MOBIL. LTDA;17434432;n2;;I;2;BELO HORIZONTE;MG;03/2006;0;0;0;0;0;0;0;0;0;0;0;0;0;0;0;0;93;93;0;581;674
EBS CAPITAL CORRETORA DE CÂMBIO S/A;4068419;n2;;I;2;SAO PAULO;SP;03/2006;0;0;0;0;0;0;0;0;0;0;0;0;0;0;0;0;66;66;0;601;667
COOPERATIVA DE ECONOMIA E CRÉDITO MÚTUO DOS TRABALHADORES EM SANEAMENTO BÁSICO NO ESTADO DO ESPÍRITO SANTO - CECMESB-ES;27418557;b3S;;I;2;VITORIA;ES;03/2006;0;0;0;128;0;128;0;0;0;0;0;0;0;0;128;0;133;262;0;400;662
COOPERATIVA DE ECONOMIA E CRÉDITO MÚTUO DOS FUNCIONÁRIOS DO GRUPO PAES MENDONÇA LTDA - COPAME;14437875;b3S;;I;2;SALVADOR;BA;03/2006;0;0;0;0;0;0;0;0;0;0;0;0;0;0;0;0;430;430;0;231;660
COOPERATIVA DE CRÉDITO RURAL COM INTERAÇÃO SOLIDÁRIA BOA VENTURA DE SÃO ROQUE;6115743;b3S;;I;2;BOA VENTURA DE SAO ROQUE;PR;03/2006;94;0;0;93;0;187;0;0;0;0;0;0;0;11;198;0;202;399;0;260;659
COOPERATIVA DE CRÉDITO MÚTUO DOS SERVIDORES DA UNIMONTES E 22A SRE - COOPERMONTES LTDA;3277088;b3S;;I;2;MONTES CLAROS;MG;03/2006;0;0;0;263;0;263;0;0;0;0;0;0;0;0;263;0;72;335;0;321;657
COOPERATIVA DE CRÉDITO MÚTUO DOS SERVIDORES E MAGISTRADOS DO JUDICIÁRIO FEDERAL DO ESTADO DE SÃO PAULO - COOPERJUSP;2899661;b3S;;I;2;CAMPINAS;SP;03/2006;0;0;0;110;2;113;0;0;0;0;0;0;0;0;113;0;46;159;0;497;656
COOPERATIVA DE CREDITO MUTUO DOS EMPREGADOS EM SERVICOS PUBLICOS DO RIO DE JANEIRO LTDA;33502345;b3S;;I;2;RIO DE JANEIRO;RJ;03/2006;8;0;0;0;0;8;0;0;0;0;0;0;0;389;397;0;473;870;0;-217;653
BANTRIAL - CORRETORA DE TITULOS E VALORES MOBILIARIOS LTDA.;11031473;n2;;I;2;RECIFE;PE;03/2006;0;0;0;0;0;0;0;0;0;0;0;0;0;0;0;0;3;3;0;648;650
COOPERATIVA DE ECONOMIA E CRÉDITO MÚTUO DOS SERVIDORES DA POLÍCIA MILITAR DO ESTADO DE SÃO PAULO DA REGIÃO CENTRO-OESTE PAULISTA - CREDMIL;4152107;b3S;;I;2;BAURU;SP;03/2006;0;0;0;1;30;31;0;0;0;0;0;0;0;0;31;0;25;56;0;593;649
COOPERATIVA DE ECONOMIA E CREDITO MUTUO DOS EMPREGADOS DO PRO-CARDIACO-PRO-CREDITO LTDA;4569742;b3S;;I;2;RIO DE JANEIRO;RJ;03/2006;0;0;0;0;0;0;0;0;0;0;0;0;0;0;0;0;82;82;0;561;643
FLUXO CORRETORA DE CÂMBIO S/A;34562942;n2;;I;2;BARUERI;SP;03/2006;0;0;0;0;0;0;0;0;0;0;0;0;0;0;0;0;284;284;0;356;639
COOPERATIVA DE ECONOMIA E CRÉDITO MÚTUO DOS METALÚRGICOS DA GRANDE SÃO PAULO - SICOOB METALCRED;4833655;b3S;;I;2;SAO PAULO;SP;03/2006;43;0;0;195;0;237;0;0;0;0;0;0;0;0;237;0;29;267;0;366;633
COOPERATIVA DE ECONOMIA E CRÉDITO MÚTUO DOS FUNCIONÁRIOS DA USINA SANTA MARIA - PILONCRED;1107759;b3S;;I;2;CERQUILHO;SP;03/2006;0;0;0;0;0;0;0;0;0;0;0;0;0;0;0;0;46;46;0;582;628
COOPERATIVA DE ECONOMIA E CRÉDITO MÚTUO DOS SERVENTUÁRIOS DA CIMENTO TUPI S.A. E EMPRESAS COLIGADAS LTDA. - TUPICRED;19551787;b3S;;I;2;CARANDAI;MG;03/2006;0;0;0;0;0;0;0;0;0;0;0;0;0;0;0;0;25;25;0;602;627
COOPERATIVA DE ECONOMIA E CRÉDITO MÚTUO DOS EMPREGADOS DA HELIBRAS - HELICOOP;41790809;b3S;;I;2;ITAJUBA;MG;03/2006;0;0;0;0;0;0;0;0;0;0;0;0;0;4;4;0;13;18;0;607;624
CAIXA FORTE S/A. - CREDITO IMOBILIARIO;10336733;n1;;I;2;TERESINA;PI;03/2006;0;0;0;0;0;0;0;0;0;0;0;0;0;0;0;0;626;626;0;-2;624
COOPERATIVA DE ECONOMIA E CRÉDITO MÚTUO DOS FUNCIONÁRIOS DAS INSTITUIÇÕES DE SERVIÇO SOCIAL AUTÔNOMOEM MANAUS LTDA.;2321862;b3S;;I;2;MANAUS;AM;03/2006;0;0;0;0;0;0;0;0;0;0;0;0;0;0;0;0;40;40;0;582;622
COOPERATIVA DE CRÉDITO MÚTUO DOS FUNCIONÁRIOS DA NOVELIS ARATU;13056056;b3S;;I;2;CANDEIAS;BA;03/2006;0;0;0;0;0;0;0;0;0;0;0;0;0;0;0;0;184;184;0;437;620
FOCO DISTRIBUIDORA DE TÍTULOS E VALORES MOBILIÁRIOS LTDA.;329598;n2;;I;2;SAO PAULO;SP;03/2006;0;0;0;0;0;0;0;0;0;0;0;0;0;0;0;0;40;40;0;580;620
COOPERATIVA DE ECONOMIA E CRÉDITO MÚTUO DOS FUNCIONÁRIOS DO GRUPO SUGGAR LTDA.;548980;b3S;;I;2;BELO HORIZONTE;MG;03/2006;0;0;0;10;0;10;0;0;0;0;0;0;0;29;38;0;31;69;0;550;620
LEANDRO E ASSOCIADOS CORRETORA DE CAMBIO E VALORES MOBILIARIOS LTDA.;42066258;n2;;I;2;SALVADOR;BA;03/2006;0;0;0;0;0;0;0;0;0;0;0;0;0;0;0;0;85;85;29;502;615
NOVAÇÃO CORRETORA DE CÂMBIO LTDA.;5123164;n2;;I;2;SAO PAULO;SP;03/2006;0;0;0;0;0;0;0;0;0;0;0;0;0;0;0;0;129;129;0;486;615
LECCA DISTRIBUIDORA DE TITULOS E VALORES MOBILIARIOS LTDA;7138049;n2;;I;2;RIO DE JANEIRO;RJ;03/2006;0;0;0;0;0;0;0;0;0;0;0;0;0;0;0;0;12;12;0;601;613
KRAUS - SOCIEDADE CORRETORA DE CAMBIO LTDA;34266668;n2;;I;2;RIO DE JANEIRO;RJ;03/2006;0;0;0;0;0;0;0;0;0;0;0;0;0;0;0;0;33;33;0;578;611
COOPERATIVA DE ECONOMIA E CREDITO MUTUO DOS EMPREGADOS DA VALESUL ALUMINIO LTDA;28044345;b3S;;I;2;RIO DE JANEIRO;RJ;03/2006;0;0;0;0;0;0;0;0;0;0;0;0;0;0;0;0;76;76;0;531;607
COOPERATIVA DE ECONOMIA E CRÉDITO MÚTUO DOS SERVIDORES DA  POLÍCIA MILITAR DO PARÁ NA REGIÃO METROPOLITANA DE BELÉM LTDA;1618291;b3S;;I;2;BELEM;PA;03/2006;0;0;0;0;0;0;0;0;0;0;0;0;0;16;16;0;94;110;0;497;607
COOPERATIVA DE CRÉDITO MÚTUO DOS EMPREGADOS DO SEBRAE DE  PERNAMBUCO LTDA - COOPESPE;2039597;b3S;;I;2;RECIFE;PE;03/2006;0;0;0;26;94;121;0;0;0;0;0;0;0;0;121;0;38;159;0;447;606
COOPERATIVA DE CRÉDITO RURAL VALE DO MANOEL ALVES   SICREDI VALE DO MANOEL ALVES   TO;3836609;b3S;;I;2;DIANOPOLIS;TO;03/2006;140;0;0;119;45;304;0;0;0;0;0;0;0;108;412;0;24;436;0;170;606
COOPERATIVA DE ECONOMIA E CREDITO MUTUO DOS SERVIDORES DOS ORGAOS E ENTIDIDADES DA AREA DE CIENCIA E TECNOLOGIA - COOPECT;2145770;b3S;;I;2;RIO DE JANEIRO;RJ;03/2006;0;0;0;91;0;91;0;0;0;0;0;0;0;0;91;0;42;133;0;467;600
COOPERATIVA DE ECONOMIA E CRÉDITO MÚTUO DOS EMPREGADOS DA ASSOCIAÇÃO DOS FUNCIONÁRIOS PÚBLICOS DO ESTADO DE SÃO PAULO - CREDIAFPESP;1558716;b3S;;I;2;SAO PAULO;SP;03/2006;0;0;0;0;0;0;0;0;0;0;0;0;0;0;0;0;90;90;0;509;599
COOPERATIVA DE CRÉDITO RURAL DO VALE DO PARAGUASSU - SICOOB-PARAGUASSU;4588258;b3S;;I;2;ITATIM;BA;03/2006;421;0;0;0;398;819;0;0;0;0;0;0;0;0;819;0;42;861;0;-262;599
COOPERATIVA DE ECONOMIA E CREDITO MUTUO DOS EMPREGADOS DO GRUPO SAINT GOBAIN;88325097;b3S;;I;2;CANOAS;RS;03/2006;0;0;0;0;0;0;0;0;0;0;0;0;0;0;0;0;165;165;0;419;585
NOVO NORTE CORRETORA DE CAMBIO LTDA;61802955;n2;;I;2;SAO PAULO;SP;03/2006;0;0;0;0;0;0;0;0;0;0;0;0;0;0;0;0;164;164;0;420;584
COOPERATIVA DE CRÉDITO MÚTUO DOS FUNCIONÁRIOS DA FÁBRICA DE CIMENTO VOTORAN;45421856;b3S;;I;2;VOTORANTIM;SP;03/2006;0;0;0;0;0;0;0;0;0;0;0;0;0;0;0;0;193;193;0;387;581
COOPERATIVA DE ECONOMIA E CRÉDITO MÚTUO DOS EMPREGADOS DAS CIAS DE ECONOMIA MISTA E FUNDAÇÕES DA PREFEITURA MUNICIPAL DE BELÉM - COOPERCO;83321554;b3S;;I;2;BELEM;PA;03/2006;0;0;0;0;0;0;0;0;0;0;0;0;0;0;0;0;83;83;0;494;577
COOPERATIVA DE CRÉDITO DE BARBALHA LTDA;7052616;b3S;;I;2;BARBALHA;CE;03/2006;51;0;0;112;90;254;0;0;0;0;0;0;0;5;258;0;83;341;0;230;571
BSCM BRASIL SOCIEDADE DE CRÉDITO AO MICROEMPREENDEDOR LTDA.;5636697;n1;;I;2;RIO DE JANEIRO;RJ;03/2006;0;0;0;0;0;0;0;0;0;0;0;0;0;117;117;0;5;122;0;448;570
COOPERATIVA DE CRÉDITO MÚTUO DOS SERVIDORES DA SEGURANÇA PÚBLICA DE SÃO PAULO - CREDIAFAM;4804353;b3S;;I;2;SAO PAULO;SP;03/2006;0;0;0;37;0;37;0;0;0;0;0;0;0;0;37;0;36;73;0;487;560
TREVISO CORRETORA DE CAMBIO LTDA;2992317;n2;;I;2;SAO PAULO;SP;03/2006;0;0;0;0;0;0;0;0;0;0;0;0;0;13;13;0;184;197;0;362;558
CREDRIO - SOCIEDADE DE CRÉDITO AO MICROEMPREENDEDOR LTDA.;5170343;n1;;I;2;MANAUS;AM;03/2006;0;0;0;0;0;0;0;0;0;0;0;0;0;0;0;0;17;17;0;539;556
VISION S.A. CORRETORA DE CAMBIO;4062902;n2;;I;2;SAO PAULO;SP;03/2006;0;0;0;0;0;0;0;0;0;0;0;0;0;0;0;0;191;191;0;364;555
COOPERATIVA DE CRÉDITO RURAL DO SEMI-ÁRIDO DO NORTE DA BAHIA;4426950;b3S;;I;2;JAGUARARI;BA;03/2006;112;0;0;0;296;408;0;0;0;0;0;0;0;39;446;0;45;492;0;63;554
COOPERATIVA DE ECONOMIA E CREDITO MUTUO DOS TRABALHADORES DO GRUPO EMPRESARIAL ITATIAIA LTDA. - COOPERITA;20177390;b3S;;I;2;UBA;MG;03/2006;0;0;0;0;0;0;0;0;0;0;0;0;0;0;0;0;11;11;0;541;552
NUMBER ONE SOCIEDADE CORRETORA DE CAMBIO LTDA.;68742204;n2;;I;2;RIO DE JANEIRO;RJ;03/2006;0;0;0;0;0;0;0;0;0;0;0;0;0;0;0;0;226;226;0;324;550
NGO ASSOCIADOS CORRETORA DE CÂMBIO LTDA.;65635377;n2;;I;2;SAO PAULO;SP;03/2006;0;0;0;0;0;0;0;0;0;0;0;0;0;0;0;0;127;127;0;421;548
COOPERATIVA DE CREDITO RURAL COM INTERAÇÃO SOLIDARIA DE REALEZA - CRESOL REALEZA;7076644;b3S;;I;2;REALEZA;PR;03/2006;90;0;0;140;0;230;0;0;0;0;0;0;0;24;254;0;205;458;0;86;544
COOPERATIVA DE CRÉDITO DOS SERVIDORES PÚBLICOS DO ESTADO DE GOIÁS NA REGIÃO METROPOLITANA DE GOIÂNIA LTDA. - SERVCRED-GO;7703024;b3S;;I;2;GOIANIA;GO;03/2006;12;0;0;0;11;22;0;0;0;0;0;0;0;0;22;0;25;48;0;486;533
COOPERATIVA DE ECONOMIA E CREDITO MUTUO DOS SERVIDORES DO COLEGIO PEDRO II;2910387;b3S;;I;2;RIO DE JANEIRO;RJ;03/2006;0;0;0;15;0;15;0;0;0;0;0;0;0;0;15;0;52;68;0;466;533
COOPERASA - COOPERATIVA DE ECONOMIA E CRÉDITO MÚTUO DOS FUNCIONARIOS DAS EMPRESAS DA AGUIA PARTICIPAÇÕES;5296712;b3S;;I;2;PONTA GROSSA;PR;03/2006;0;0;0;0;0;0;0;0;0;0;0;0;0;3;3;0;6;9;0;523;532
COOPERATIVA DE CRÉDITO MÚTUO DOS SERVIDORES PÚBLICOS MUNICIPAIS DE LENÇÓIS PAULISTA - COOPERSERV;5667301;b3S;;I;2;LENCOIS PAULISTA;SP;03/2006;0;0;0;0;0;0;0;0;0;0;0;0;0;0;0;0;12;12;0;518;530
CCR COM INTERAÇÃO SOLIDÁRIA DE SÃO JOÃO DA URTIGA - CRESOL SÃO JOÃO DA URTIGA;7542211;b3S;;I;2;SAO JOAO DA URTIGA;RS;03/2006;86;0;0;132;0;218;0;0;0;0;0;0;0;0;218;0;97;315;0;213;528
ONNIX CORRETORA DE CÂMBIO LTDA.;7333726;n2;;I;2;PORTO ALEGRE;RS;03/2006;0;0;0;0;0;0;0;0;0;0;0;0;0;0;0;0;208;208;0;319;527
EDUCATIVA - COOPERATIVA DE ECONOMIA E CRÉDITO MÚTUO DOS PROFESSORES DA SECRETARIA DE  EDUCAÇÃO E ESPORTES DO ESTADO DE  PERNAMBUCO NO RECIFE E REGIÃO METROPOLITANA;2695381;b3S;;I;2;RECIFE;PE;03/2006;0;0;0;0;0;0;0;0;0;0;0;0;0;20;20;0;204;224;0;296;520
COOPERATIVA DE CRÉDITO MÚTUO DOS SERVIDORES PÚBLICOS MUNICIPAIS DE JABOTICABAL - COOPERSERV;881829;b3S;;I;2;JABOTICABAL;SP;03/2006;0;0;0;0;0;0;0;0;0;0;0;0;0;60;60;0;32;93;0;424;517
COOPERATIVA DE ECONOMIA E CRÉDITO MÚTUO DOS SERVIDORES PÚBLICOS DO ESTADO DE SÃO PAULO - CREDIPAULISTA;3139644;b3S;;I;2;SAO PAULO;SP;03/2006;0;0;0;0;0;0;0;0;0;0;0;0;0;0;0;0;47;47;0;466;513
COOPERATIVA DE ECONOMIA E CRÉDITO MÚTUO DOS FUNCIONÁRIOS DA ASSOCIAÇÃO RESIDENCIAL E EMPRESARIAL ALPHAVILLE;3058603;b3S;;I;2;BARUERI;SP;03/2006;0;0;0;0;0;0;0;0;0;0;0;0;0;0;0;0;29;29;0;476;505
COOPERATIVA DE ECONOMIA E CREDITO MUTUO DOS AUDITORES FISC.DA PREV.SOCIAL NO RJ LTDA-COAFPREV;4851405;b3S;;I;2;RIO DE JANEIRO;RJ;03/2006;0;0;0;0;0;0;0;0;0;0;0;0;0;0;0;0;89;89;0;415;504
SANTAMARENSE SOCIEDADE DE CREDITO AO MICROEMPREENDEDOR LTDA;5232316;n1;;I;2;LONDRINA;PR;03/2006;0;0;0;0;0;0;0;0;0;0;0;0;0;230;230;0;11;241;105;157;503
FACILICRED SOCIEDADE DE CRÉDITO AO MICROEMPREENDEDOR LTDA;4849745;n1;;I;2;CURITIBA;PR;03/2006;0;0;0;0;0;0;0;0;0;0;0;0;0;201;201;0;6;207;75;213;496
COOPERATIVA DE ECONOMIA E CRÉDITO MÚTUO DOS SERVIDORES DO PODER EXECUTIVO DA REGIÃO NORDESTE DO PARÁ - CREDBRAS;5285111;b3S;;I;2;BELEM;PA;03/2006;0;0;0;0;0;0;0;0;0;0;0;0;0;0;0;0;52;52;0;443;495
COOPERATIVA DE ECONOMIA E CRÉDITO MÚTUO DOS EMPREGADOS DA AREVA LTDA.;88043187;b3S;;I;2;CANOAS;RS;03/2006;0;0;0;0;0;0;0;0;0;0;0;0;0;28;28;0;52;80;0;413;494
COOPERATIVA DE ECONOMIA E CRÉDITO MÚTUO DOS PROFISSIONAIS DA ÁREA NOTARIAL E REGISTRAL DO RIO GRANDE DO SUL;7714057;b3S;;I;2;PORTO ALEGRE;RS;03/2006;19;0;0;295;0;314;0;0;0;0;0;0;0;0;314;0;26;340;0;151;491
COOPERATIVA DE ECONOMIA E CREDITO MUTUO DOS FUNCIONARIOS DO GRUPO MAUA LTDA;5048575;b3S;;I;2;SAO GONCALO;RJ;03/2006;0;0;0;0;0;0;0;0;0;0;0;0;0;0;0;0;78;78;0;411;488
COOPERATIVA DE CRÉDITO MÚTUO DOS PRAÇAS E OFICIAIS DA POLÍCIA MILITAR DO ESTADO DE SÃO PAULO - COOPERACS- SP;7030145;b3S;;I;2;SAO PAULO;SP;03/2006;0;0;0;9;29;38;0;0;0;0;0;0;0;60;98;0;25;123;0;363;487
COOPERATIVA DE ECONOMIA E CREDITO MUTUO LUXOR LTDA;42540377;b3S;;I;2;RIO DE JANEIRO;RJ;03/2006;0;0;0;0;0;0;0;0;0;0;0;0;0;0;0;0;12;12;0;474;486
COOPERATIVA DE ECONOMIA E CREDITO MUTUO DOS SERVIDORES DOS ORGAOS DO MINISTERIO DA SAUDE NO ESTADO DO RIO DE JANEIRO - CREDISAU;2966385;b3S;;I;2;RIO DE JANEIRO;RJ;03/2006;0;0;0;0;0;0;0;0;0;0;0;0;0;0;0;0;97;97;0;387;484
COOPERATIVA DE ECONOMIA E CRÉDITO MÚTUO DOS EMPREGADOS DA SUPERINTENDÊNCIA REGIONAL DE BELÉM DA COMPANHIA DE PESQUISA DE RECURSOS MINERAIS LTDA.;83327486;b3S;;I;2;BELEM;PA;03/2006;0;0;0;0;0;0;0;0;0;0;0;0;0;0;0;0;51;51;0;434;484
COOPERATIVA DE ECONOMIA E CRÉDITO MÚTUO DOS SERVIDORES DO DISTRITO FEDERAL LTDA. - COOSERVCRED;778858;b3S;;I;2;BRASILIA;DF;03/2006;153;0;0;290;0;443;0;0;0;0;0;0;0;0;443;0;55;498;0;-19;479
COOPESTADO - COOPERATIVA DE ECONOMIA E CRÉDITO MÚTUO DOS SERVIDORES PÚBLICOS NA REGIÃO METROPOLITANA DO ESTADO DO RIO DE JANEIRO LIMITADA.;4995006;b3S;;I;2;RIO DE JANEIRO;RJ;03/2006;0;0;0;0;0;0;0;0;0;0;0;0;0;176;176;0;52;229;0;249;477
COOPERATIVA DE ECONOMIA E CRÉDITO MÚTUO DOS EMPREGADOS DA STAROUP;74520990;b3S;;I;2;BOTUCATU;SP;03/2006;0;0;0;0;0;0;0;0;0;0;0;0;0;0;0;0;32;32;0;440;473
COOPERATIVA DE CRÉDITO RURAL COM INTERAÇÃO SOLIDÁRIA CÂNDIDO DE ABREU - CRESOL CÂNDIDO DE ABREU;6100881;b3S;;I;2;CANDIDO DE ABREU;PR;03/2006;67;0;0;108;0;175;0;0;0;0;0;0;0;16;190;0;174;364;0;100;463
DECYSEO CORRETORA DE CAMBIO LTDA;94968518;n2;;I;2;PORTO ALEGRE;RS;03/2006;0;0;0;0;0;0;0;0;0;0;0;0;0;0;0;0;197;197;0;264;461
COOPERATIVA DE ECONOMIA E CRÉDITO MÚTUO DOS EMPREGADOS DAS EMPRESAS DE REDUTORES DE TRANSMISSÃO DO ESTADO DE SÃO PAULO - COOPER-PTI;62035456;b3S;;I;2;SAO PAULO;SP;03/2006;0;0;0;0;0;0;0;0;0;0;0;0;0;0;0;0;12;12;0;448;460
COOPERATIVA DE ECONOMIA E CREDITO MUTUO DOS EMPREGADOS DO GRUPO JOSE NEFFA LTDA;29985421;b3S;;I;2;VITORIA;ES;03/2006;0;0;0;0;0;0;0;0;0;0;0;0;0;0;0;0;23;23;0;435;458
COOPERATIVA DE ECONOMIA E CREDITO MUTUO DOS EMPREGADOS DA TEADIT E OUTRAS EMPRESAS ASSOCIADAS LTDA;27669753;b3S;;I;2;RIO DE JANEIRO;RJ;03/2006;0;0;0;0;0;0;0;0;0;0;0;0;0;0;0;0;174;174;0;272;446
COOPERATIVA DE CRÉDITO MÚTUO DOS SERVIDORES PÚBLICOS DA ESTÂNCIA TURÍSTICA DE RIBEIRÃO PIRES - CREDIRP;4587402;b3S;;I;2;RIBEIRAO PIRES;SP;03/2006;0;0;0;0;0;0;0;0;0;0;0;0;0;0;0;0;27;27;0;416;443
GOLCRED DISTRIBUIDORA DE TÍTULOS E VALORES MOBILIÁRIOS LTDA.;7631026;n2;;I;2;FLORIANOPOLIS;SC;03/2006;0;0;0;0;0;0;0;0;0;0;0;0;0;0;0;0;10;10;0;430;440
COOPERATIVA DE ECONOMIA E CREDITO MUTUO DOS TRABALHADORES EM CONSELHOS DE FISCALIZACAO PROFISSIONAL NO MUNICIPIO RIO DE JANEIRO LTDA.;2850075;b3S;;I;2;RIO DE JANEIRO;RJ;03/2006;0;0;0;0;0;0;0;0;0;0;0;0;0;0;0;0;16;16;0;423;439
COOPERATIVA DE CRÉDITO MÚTUO DOS EMPREGADOS DAS LOJAS MAIA -  COOPMAIA LTDA;2093154;b3S;;I;2;JOAO PESSOA;PB;03/2006;0;0;0;0;0;0;0;0;0;0;0;0;0;0;0;0;69;69;0;364;433
COOPERATIVA DE CRÉDITO RURAL COM INTERAÇÃO SOLIDÁRIA DE BELA VISTA DA CAROBA - CRESOL BELA VISTA DA CAROBA;7312152;b3S;;I;2;BELA VISTA DA CAROBA;PR;03/2006;85;0;0;92;0;177;0;0;0;0;0;0;0;29;206;0;20;226;0;205;431
COOPERATIVA DE CRÉDITO MÚTUO DOS EMPREGADOS DA MILLENNIUM  INORGANIC CHEMICALS DO BRASIL S.A - PB RIBCRED LTDA;2365873;b3S;;I;2;MATARACA;PB;03/2006;0;0;0;0;0;0;0;0;0;0;0;0;0;0;0;0;15;15;0;411;426
COOPERATIVA DE CRÉDITO POPULAR DE GRAVATÁ LTDA.;10350684;b3S;;I;2;GRAVATA;PE;03/2006;142;0;0;10;0;152;0;0;0;0;0;0;0;0;152;0;45;197;0;227;424
CREDEXTRA-CECME DA UNISUPER DISTRIBUIDORA;4899135;b3S;;I;2;SERRA;ES;03/2006;0;0;0;22;0;22;0;0;0;0;0;0;0;0;22;0;70;92;0;331;423
COOPERATIVA CENTRAL DE CRÉDITO E ECONOMIA SOLIDÁRIA - ECOSOL;6267304;b3C;;I;2;SAO PAULO;SP;03/2006;0;0;0;0;0;0;0;0;0;0;0;0;0;0;0;0;294;294;0;129;423
COOPERATIVA DE ECONOMIA E CREDITO MUTUO DOS EMPREGADOS DO GRUPO USINA PAINEIRAS LTDA - CRED-PAN;27140946;b3S;;I;2;ITAPEMIRIM;ES;03/2006;0;0;0;0;0;0;0;0;0;0;0;0;0;0;0;0;17;17;0;406;422
COOPERATIVA DE ECONOMIA E CRÉDITO MÚTUO DOS EMPREGADOS DO AÇUCAR UNIÃO LTDA.;33370172;b3S;;I;2;RIO DE JANEIRO;RJ;03/2006;0;0;0;0;0;0;0;0;0;0;0;0;0;0;0;0;89;89;0;331;420
COOPERATIVA DE ECONOMIA E CRÉDITO MÚTUO DOS TRABALHADORES DA COOPER STANDARD AUTOMOTIVE BRASIL SEALING LTDA. E FLUID SYSTEMS LTDA.;4464352;b3S;;I;2;VARGINHA;MG;03/2006;0;0;0;0;0;0;0;0;0;0;0;0;0;0;0;0;12;12;0;404;417
COOPERATIVA DE ECONOMIA E CRÉDITO MÚTUO DOS FUNCIONÁRIOS DE BRINQUEDOS BANDEIRANTE;62278809;b3S;;I;2;FERRAZ DE VASCONCELOS;SP;03/2006;0;0;0;0;0;0;0;0;0;0;0;0;0;0;0;0;37;37;0;375;412
COOPERATIVA DE ECONOMIA E CRÉDITO MÚTUO DOS FUNCIONÁRIOS DO BANESPA DE BOTUCATU E CIDADES LIMÍTROFES;3219207;b3S;;I;2;BOTUCATU;SP;03/2006;0;0;0;0;0;0;0;0;0;0;0;0;0;0;0;0;9;9;0;396;405
COOPERATIVA DE ECONOMIA E CRÉDITO MÚTUO DOS EMPREGADOS DA ALCOA;1346674;b3S;;I;2;SANTO ANDRE;SP;03/2006;0;0;0;0;0;0;0;0;0;0;0;0;0;50;50;0;42;92;0;312;404
AVIPAM CORRETORA DE CAMBIO LTDA.;3443143;n2;;I;2;RIO DE JANEIRO;RJ;03/2006;0;0;0;0;0;0;0;0;0;0;0;0;0;0;0;0;101;101;0;296;397
ALDRAVA S.A. - SOCIEDADE DE CRÉDITO AO MICROEMPREENDEDOR;3884810;n1;;I;2;RIO DE JANEIRO;RJ;03/2006;0;0;0;0;0;0;0;0;0;0;0;0;0;0;0;0;4;4;0;393;397
COOPERATIVA DE ECONOMIA E CREDITO MUTUO DOS FUNCIONARIOS DA M. AGOSTINI LTDA.;30096234;b3S;;I;2;RIO DE JANEIRO;RJ;03/2006;0;0;0;0;0;0;0;0;0;0;0;0;0;0;0;0;28;28;0;366;394
COOPERATIVA DE CRÉDITO MÚTUO DOS EMPREGADOS DO GRUPO CLC;53264529;b3S;;I;2;TABOAO DA SERRA;SP;03/2006;0;0;0;0;0;0;0;0;0;0;0;0;0;26;26;0;8;34;0;360;394
COOPERATIVA DE ECONOMIA E CRÉDITO MÚTUO DOS SERVIDORES DO  DEPARTAMENTO NACIONAL DE ESTRADAS DE RODAGEM DO PARÁ LTDA;1290746;b3S;;I;2;BELEM;PA;03/2006;0;0;0;0;0;0;0;0;0;0;0;0;0;0;0;0;1;1;0;388;388
COOPERATIVA DE ECONOMIA E CREDITO MUTUO DOS FUNCIONARIOS DA FMC LTDA;42258376;b3S;;I;2;RIO DE JANEIRO;RJ;03/2006;0;0;0;0;0;0;0;0;0;0;0;0;0;0;0;0;28;28;0;360;388
COOPERATIVA DE ECONOMIA E CRÉDITO MÚTUO DOS FUNCIONÁRIOS DO GRUPO MONTECITRUS;74256983;b3S;;I;2;MONTE AZUL PAULISTA;SP;03/2006;0;0;0;0;0;0;0;0;0;0;0;0;0;0;0;0;21;21;0;363;383
COOPERATIVA DE ECONOMIA E CRÉDITO MÚTUO DOS EMPREGADOS DA EMPRESA SUPERMERCADOS JAU SERVE - COOPERJS;3400651;b3S;;I;2;JAU;SP;03/2006;0;0;0;0;0;0;0;0;0;0;0;0;0;0;0;0;27;27;0;354;381
COOPERATIVA DE CRÉDITO RURAL DA REGIÃO LESTE DO ESTADO DE GOIAS DA ESTRADA DE FERRO;4490531;b3S;;I;2;ORIZONA;GO;03/2006;51;0;0;165;0;216;0;0;0;0;0;0;0;0;216;0;4;220;0;161;380
COOPERATIVA DE ECONOMIA E CRÉDITO MÚTUO DOS TRABALHADORES NA ALLIEDSIGNAL;46037073;b3S;;I;2;SOROCABA;SP;03/2006;0;0;0;0;0;0;0;0;0;0;0;0;0;0;0;0;7;7;0;370;377
COOPERATIVA DE CRÉDITO MÚTUO DOS EMPREGADOS DA INFRAERO - AEROCRED;5292849;b3S;;I;2;GUARULHOS;SP;03/2006;0;0;0;0;0;0;0;0;0;0;0;0;0;0;0;0;13;13;0;362;375
RIO FORTHE SOCIEDADE CORRETORA DE CÂMBIO LTDA.;6947549;n2;;I;2;CURITIBA;PR;03/2006;0;0;0;0;0;0;0;0;0;0;0;0;0;0;0;0;38;38;0;325;363
COOPERATIVA DE CRÉDITO RURAL BARRA DO CHOÇA LTDA. - CREDIBARRA;3071386;b3S;;I;2;BARRA DO CHOCA;BA;03/2006;141;0;0;128;2;272;0;0;0;0;0;0;0;0;272;0;6;277;0;79;356
COOPERATIVA DE CRÉDITO RURAL COM INTERAÇÃO SOLIDÁRIA DE PRUDENTÓPOLIS - CRESOL PRUDENTÓPOLIS;6126780;b3S;;I;2;PRUDENTOPOLIS;PR;03/2006;124;0;0;111;0;235;0;0;0;0;0;0;0;16;251;0;13;263;0;92;355
COOPERATIVA DE CRÉDITO MÚTUO DOS EMPREGADOS DA ARKEMA QUÍMICA, ATOTECH DO BRASIL, TREBOL BRASIL E RESINAS INTERNACIONAIS - CREDIQUÍMICA;1535631;b3S;;I;2;SAO PAULO;SP;03/2006;0;0;0;0;0;0;0;0;0;0;0;0;0;2;2;0;38;40;0;314;354
COOPERATIVA DE CRÉDITO MÚTUO DOS ESTIVADORES DE ITAJAÍ - ESTIVACREDI;7286250;b3S;;I;2;ITAJAI;SC;03/2006;30;0;0;177;50;258;0;0;0;0;0;0;0;0;258;0;13;271;0;81;352
COOPERATIVA DE ECONOMIA E CRÉDITO MÚTUO DOS COMERCIANTES DE DEPÓSITO DE MATERIAIS DE CONSTRUÇÃO DE CONTAGEM LTDA. - COOPERACIC;1663367;b3S;;I;2;CONTAGEM;MG;03/2006;1;0;0;156;0;158;0;0;0;0;0;0;0;0;158;0;32;190;0;161;350
COOPERATIVA DE CRÉDITO MÚTUO DOS FUNCIONÁRIOS DA COOPERATIVA DOS CAFEICULTORES DA REGIÃO DE MARÍLIA;1523675;b3S;;I;2;MARILIA;SP;03/2006;0;0;0;0;0;0;0;0;0;0;0;0;0;0;0;0;31;31;0;319;349
COOPERATIVA DE CRÉDITO RURAL DO BICO DO PAPAGAIO - COOPERCRED - BICO DO PAPAGAIO;3937769;b3S;;I;2;ARAGUATINS;TO;03/2006;84;0;0;18;0;102;0;0;0;0;0;0;0;2;104;0;98;202;0;143;345
SICOOB COOPEA - COOPERATIVA DE ECONOMIA E CRÉDITO MÚTUO DOS SERVIDORES DA CEPLAC NA AMAZÔNIA ORIENTAL LTDA.;484473;b3S;;I;2;BELEM;PA;03/2006;0;0;0;14;0;14;0;0;0;0;0;0;0;0;14;0;31;45;0;300;345
COOPERATIVA DE ECONOMIA E CRÉDITO MÚTUO DOS SERVIDORES DA POLÍCIA MILITAR DO DISTRITO FEDERAL;2719550;b3S;;I;2;BRASILIA;DF;03/2006;1;0;0;21;1;22;0;0;0;0;0;0;0;0;22;0;46;68;0;275;343
COOPERATIVA DE ECONOMIA E CRÉDITO MÚTUO DOS FUNCIONÁRIOS DO GRUPO GARDÊNIA LTDA. - COOPERGARDÊNIA;1499278;b3S;;I;2;POUSO ALEGRE;MG;03/2006;0;0;0;0;0;0;0;0;0;0;0;0;0;43;43;0;42;84;0;257;341
COIPA - COOPERATIVA DE ECONOMIA E CRÉDITO MÚTUO DOS SERVIDORES DO IBGE NO ESTADO DO PARÁ LTDA;83838813;b3S;;I;2;BELEM;PA;03/2006;0;0;0;0;0;0;0;0;0;0;0;0;0;0;0;0;31;31;0;308;338
COOPERATIVA DE ECONOMIA E CRÉDITO MÚTUO DOS FUNCIONÁRIOS DOS SISTEMAS FIEMT, FECOMÉRCIO, FAMATO E FETRAMAR - SICOOB COOPERSISTEM;1754358;b3S;;I;2;CUIABA;MT;03/2006;23;0;0;109;0;132;0;0;0;0;0;0;0;56;187;0;18;206;0;131;337
COOPERATIVA DE ECONOMIA E CREDITO MUTUO DOS FUNCIONARIOS DA SALUTARIS E COLIGADAS LTDA - SALUCRED;68721273;b3S;;I;2;PARAIBA DO SUL;RJ;03/2006;0;0;0;0;0;0;0;0;0;0;0;0;0;0;0;0;17;17;0;316;333
TRANSCRED - SOCIEDADE DE CRÉDITO AO MICROEMPREENDEDOR LTDA.;5611303;n1;;I;2;SOROCABA;SP;03/2006;0;0;0;0;0;0;0;0;0;0;0;0;0;0;0;0;2;2;0;330;332
COOPERATIVA DE ECONOMIA E CRÉDITO MÚTUO DOS TRABALHADORES EM EMPRESAS DE TRANSPORTES COLETIVOS URBANOS DE PASSAGEIROS DE PORTO ALEGRE - COOPCREDIRODOVIÁRIOS;5579939;b3S;;I;2;PORTO ALEGRE;RS;03/2006;24;0;0;13;0;37;0;0;0;0;0;0;0;0;37;0;188;225;0;106;331
COOPERATIVA DE ECONOMIA E CRÉDITO MÚTUO DOS EMPREGADOS DA USIPARTS;59301762;b3S;;I;2;POUSO ALEGRE;MG;03/2006;0;0;0;0;0;0;0;0;0;0;0;0;0;0;0;0;3;3;0;328;331
COOPERATIVA DE CRÉDITO MÚTUO DOS SERVIDORES PÚBLICOS AUTÁRQUICOS E CÂMARA MUNICIPAL DE MAUÁ - MAUACOOPER;1582068;b3S;;I;2;MAUA;SP;03/2006;0;0;0;0;0;0;0;0;0;0;0;0;0;45;45;0;6;51;0;280;331
COOPERATIVA DE ECONOMIA E CRÉDITO MÚTUO DOS FUNCIONÁRIOS DO RÁPIDO LUXO CAMPINAS;2312896;b3S;;I;2;VALINHOS;SP;03/2006;0;0;0;0;0;0;0;0;0;0;0;0;0;0;0;0;42;42;0;288;330
LABOR SOCIEDADE CORRETORA DE CÂMBIO LTDA.;6132348;n2;;I;2;RECIFE;PE;03/2006;0;0;0;0;0;0;0;0;0;0;0;0;0;0;0;0;3;3;0;327;329
LOJISTAS-COOPCRÉ-RIO - COOPERATIVA DE ECONOMIA E CRÉDITO MÚTUO DOS LOJISTAS DO VESTUÁRIO EM GERAL DO MUNICÍPIO DO RIO DE JANEIRO LTDA;5600427;b3S;;I;2;RIO DE JANEIRO;RJ;03/2006;0;0;0;70;0;70;0;0;0;0;0;0;0;0;70;0;69;139;0;190;329
COOPERATIVA DE CRÉDITO RURAL DE PEQUENOS AGRICULTORES E DA REFORMA AGRÁRIA DO CENTRO OESTE DO PARANÁ - CREHNOR LARANJEIRAS;1330387;b3S;;I;2;LARANJEIRAS DO SUL;PR;03/2006;103;0;0;41;0;144;0;0;0;0;0;0;0;109;253;0;18;272;0;57;329
COOPERATIVA DE ECONOMIA E CRÉDITO MÚTUO DOS FUNCIONÁRIOS DA SCHRADER BRIDGEPORT BRASIL;55896724;b3S;;I;2;JACAREI;SP;03/2006;0;0;0;0;0;0;0;0;0;0;0;0;0;0;0;0;44;44;0;285;328
COOPERATIVA DE CRÉDITO RURAL COM INTERAÇÃO SOLIDÁRIA DE ITUPORANGA - CRESOL ITUPORANGA;7507647;b3S;;I;2;ITUPORANGA;SC;03/2006;31;0;0;213;0;244;0;0;0;0;0;0;0;0;244;0;32;276;0;51;327
COOPERATIVA DE CRÉDITO MÚTUO DOS MÉDICOS DE JUNDIAÍ E REGIÃO - COOPCREM;69321644;b3S;;I;2;JUNDIAI;SP;03/2006;0;0;0;0;0;0;0;0;0;0;0;0;0;0;0;0;34;34;0;291;325
COOPERATIVA DE ECONOMIA E CREDITO MUTUO DOS FUNCIONARIOS DO GRUPO PROGRESSO LTDA - PROCRED;2931166;b3S;;I;2;TRES RIOS;RJ;03/2006;0;0;0;0;0;0;0;0;0;0;0;0;0;0;0;0;23;23;0;301;324
EXIM CORRETORA DE CAMBIO LTDA;73302408;n2;;I;2;PORTO ALEGRE;RS;03/2006;0;0;0;0;0;0;0;0;0;0;0;0;0;0;0;0;3;3;0;320;323
COOPERATIVA DE ECONOMIA E CREDITO MUTUO DOS FUNCIONARIOS DA EVANIL - COOFE;2825208;b3S;;I;2;NOVA IGUACU;RJ;03/2006;0;0;0;0;0;0;0;0;0;0;0;0;0;0;0;0;3;3;0;314;317
COOPERATIVA DE ECONOMIA E CRÉDITO MÚTUO DOS SERVIDORES DA POLÍCIA RODOVIÁRIA FEDERAL DO ESTADO DE MINAS GERAIS LTDA.;5338435;b3S;;I;2;BELO HORIZONTE;MG;03/2006;0;0;0;200;0;200;0;0;0;0;0;0;0;0;200;0;9;208;0;108;316
FIDÚCIA SOCIEDADE DE CRÉDITO AO MICROEMPREENDEDOR LIMITADA;4307598;n1;;I;2;BELO HORIZONTE;MG;03/2006;0;0;0;0;0;0;0;0;0;0;0;0;0;0;0;0;2;2;0;314;316
BOM CRÉDITO - SOCIEDADE DE CRÉDITO AO MICROEMPREENDEDOR LTDA.;5669150;n1;;I;2;VOLTA REDONDA;RJ;03/2006;0;0;0;0;0;0;0;0;0;0;0;0;0;0;0;0;0;0;0;309;309
COOPERATIVA DE CRÉDITO RURAL COM INTERAÇÃO SOLIDÁRIA DE WITMARSUM - CRESOL WITMARSUM;7465539;b3S;;I;2;WITMARSUM;SC;03/2006;74;0;0;172;0;246;0;0;0;0;0;0;0;0;246;0;1;247;0;62;308
MICRO-CRED S.A.  SOCIEDADE DE CREDITO AO MICROEMPREENDEDOR;3422273;n1;;I;2;SAO PAULO;SP;03/2006;0;0;0;0;0;0;0;0;0;0;0;0;0;181;181;0;3;184;1;122;307
COOPERATIVA DE ECONOMIA E CRÉDITO MÚTUO DOS SERVIDORES FAZENDÁRIOS DE ALAGOAS EM MACEIÓ - CREDASFAL;4368556;b3S;;I;2;MACEIO;AL;03/2006;61;0;0;98;0;159;0;0;0;0;0;0;0;0;159;0;23;182;0;124;306
COOPERATIVA DE ECONOMIA E CRÉDITO MÚTUO DOS SERVIDORES DA FUNDAÇÃO BENJAMIM GUIMARÃES LTDA.;16660680;b3S;;I;2;BELO HORIZONTE;MG;03/2006;0;0;0;0;0;0;0;0;0;0;0;0;0;0;0;0;27;27;0;278;305
COOPERATIVA DE CRÉDITO RURAL COM INTERAÇÃO SOLIDÁRIA DE VITOR MEIRELES;7320890;b3S;;I;2;VITOR MEIRELES;SC;03/2006;63;0;0;187;0;250;0;0;0;0;0;0;0;0;250;0;4;254;0;49;303
IPACRED - SOCIEDADE DE CRÉDITO AO MICROEMPREENDEDOR LTDA;3476483;n1;;I;2;IPATINGA;MG;03/2006;0;0;0;0;0;0;0;0;0;0;0;0;0;0;0;0;2;2;0;299;301
COOPERATIVA DE ECONOMIA E CRÉDITO MÚTUO DOS FUNCIONÁRIOS DO GRUPO QUÍMICA CATAGUASES LTDA.;1620670;b3S;;I;2;CATAGUASES;MG;03/2006;0;0;0;0;0;0;0;0;0;0;0;0;0;0;0;0;6;6;0;290;296
COOPERATIVA DE ECONOMIA E CRÉDITO MÚTUO DOS EMPREGADOS EM INDÚSTRIAS METALÚRGICAS E DE MATERIAL ELÉTRICO DE JUIZ DE FORA LTDA. - CECREPAM;21464557;b3S;;I;2;JUIZ DE FORA;MG;03/2006;0;0;0;5;0;5;0;0;0;0;0;0;0;11;16;0;18;34;0;262;296
COOPERATIVA DE ECONOMIA E CRÉDITO MÚTUO DOS OPERADORES DE TURISMO DA REGIÃO METROPOLITANA DE BELO HORIZONTE LTDA.;242375;b3S;;I;2;BELO HORIZONTE;MG;03/2006;169;0;0;34;0;203;0;0;0;0;0;0;0;80;283;0;13;296;0;-3;293
COOPERATIVA DE CRÉDITO RURAL LIVRAMENTENSE LTDA.;2303686;b3S;;I;2;LIVRAMENTO DE NOSSA SENHORA;BA;03/2006;28;0;0;0;4;31;0;0;0;0;0;0;0;0;31;0;66;97;0;195;293
COOPERATIVA DE ECONOMIA E CRÉDITO MÚTUO DOS TRABALHADORES DO MOINHO SUL MINEIRO S.A. LTDA. -  CREDISULMINEIRO;16599441;b3S;;I;2;VARGINHA;MG;03/2006;0;0;0;0;0;0;0;0;0;0;0;0;0;0;0;0;8;8;0;284;292
COOPERATIVA DE CRÉDITO RURAL COM INTERAÇÃO SOLIDÁRIA DE BLUMENAU - CRESOL BLUMENAU;7522059;b3S;;I;2;BLUMENAU;SC;03/2006;13;0;0;238;0;251;0;0;0;0;0;0;0;0;251;0;1;253;0;38;291
CRED MAIS S.A SOCIEDADE DE CRÉDITO AO MICROEMPREENDEDOR;5653890;n1;;I;2;COLATINA;ES;03/2006;0;0;0;0;0;0;0;0;0;0;0;0;0;0;0;0;19;19;0;272;291
COOPERATIVA DE ECONOMIA E CRÉDITO MÚTUO DOS TRABALHADORES NA ÁREA DE SAÚDE E AFINS DO ALTO URUGUAI - COOMTAAUCRED;7494300;b3S;;I;2;ERECHIM;RS;03/2006;0;0;0;198;0;198;0;0;0;0;0;0;0;0;198;0;9;207;0;82;289
SIFRAMAR CRED SOCIEDADE DE CRÉDITO AO MICROEMPREENDEDOR LTDA.;6935318;n1;;I;2;ITAPEMA;SC;03/2006;0;0;0;0;0;0;0;0;0;0;0;0;0;0;0;0;3;3;66;217;286
COOPERATIVA DE ECONOMIA E CRÉDITO MÚTUO DOS SERVIDORES DO IDESP LTDA - UNIDESP;83375469;b3S;;I;2;BELEM;PA;03/2006;0;0;0;0;0;0;0;0;0;0;0;0;0;8;8;0;14;22;0;264;286
COOPERATIVA DE ECONOMIA E CRÉDITO MÚTUO DOS EMPREGADOS DA FUNDAÇÃO ARTHUR BERNARDES LTDA. - COOFAB;2738981;b3S;;I;2;VICOSA;MG;03/2006;0;0;0;0;0;0;0;0;0;0;0;0;0;0;0;0;3;3;0;283;286
COOPERATIVA DE ECONOMIA E CREDITO MUTUO DOS EMPREGADOS NAS IND.QUIM.FARMAC.E SIMILARES DO SUL FLUMINENSE LTDA;3780968;b3S;;I;2;RESENDE;RJ;03/2006;34;0;0;0;167;201;0;0;0;0;0;0;0;103;304;0;17;322;0;-37;285
COOPGUARDA - COOPERATIVA DE ECONOMIA E CREDITO MUTUO DOS SERVIDORES DA GUARDA MUNICIPAL DO RIO DE JANEIRO LTDA;729801;b3S;;I;2;RIO DE JANEIRO;RJ;03/2006;0;0;0;0;0;0;0;0;0;0;0;0;0;398;398;0;110;508;0;-228;281
COOPERATIVA DE ECONOMIA E CRÉDITO MÚTUO DOS EMPREGADOS DO SEBRAE BAHIA - COOPSOL;5658367;b3S;;I;2;SALVADOR;BA;03/2006;1;0;0;0;0;1;0;0;0;0;0;0;0;7;8;0;9;17;0;262;279
TLACH CORRETORA DE CAMBIO LTDA;35028018;n2;;I;2;SANTO ANDRE;SP;03/2006;0;0;0;0;0;0;0;0;0;0;0;0;0;3;3;0;127;130;0;148;278
COOPERATIVA DE CRÉDITO RURAL DOS FORNECEDORES DE CANA DA PARAÍBA LTDA;9381542;b3S;;I;2;JOAO PESSOA;PB;03/2006;0;0;0;0;0;0;0;0;0;0;0;0;0;0;0;0;7;7;0;270;277
COOPERATIVA DE CRÉDITO MÚTUO DOS COMERCIANTES DE VESTUÁRIOS DE ARARAQUARA E REGIÃO - COMCRED;4492458;b3S;;I;2;ARARAQUARA;SP;03/2006;0;0;0;140;0;140;0;0;0;0;0;0;0;0;140;0;5;145;0;131;276
COOPERATIVA DE CRÉDITO DOS FUNCIONÁRIOS DO GRUPO PAGLIATO;55381305;b3S;;I;2;SOROCABA;SP;03/2006;0;0;0;0;0;0;0;0;0;0;0;0;0;0;0;0;56;56;0;219;275
COOPERATIVA DE ECONOMIA E CRÉDITO MÚTUO DOS SERVIDORES DA ADMINISTRAÇÃO PÚBLICA MUNICIPAL DE PORTO ALEGRE;5460750;b3S;;I;2;PORTO ALEGRE;RS;03/2006;0;0;0;0;0;0;0;0;0;0;0;0;0;1;1;0;18;19;0;256;275
COOPERATIVA DE ECONOMIA E CREDITO MUTUO DOS FUNCIONARIOS DO GRUPO HELIO ALONSO-COOPERHA-LTDA;2786691;b3S;;I;2;RIO DE JANEIRO;RJ;03/2006;0;0;0;0;0;0;0;0;0;0;0;0;0;0;0;0;24;24;0;249;273
COOPERATIVA DE ECONOMIA E CRÉDITO MÚTUO DOS CORRETORES DE SEGUROS DE BELO HORIZONTE E REGIÃO METROPOLITANA LTDA.;2316922;b3S;;I;2;BELO HORIZONTE;MG;03/2006;39;0;0;0;150;189;0;0;0;0;0;0;0;0;189;0;29;218;0;53;272
FACIL - SOCIEDADE DE CREDITO AO MICROEMPREENDEDOR LTDA.;4740811;n1;;I;2;ITAUNA;MG;03/2006;0;0;0;0;0;0;0;0;0;0;0;0;0;0;0;0;6;6;0;264;271
BOA VIAGEM SOCIEDADE CORRETORA DE CÂMBIO LTDA.;6373777;n2;;I;2;RECIFE;PE;03/2006;0;0;0;0;0;0;0;0;0;0;0;0;0;0;0;0;7;7;0;259;266
COOPERATIVA DE CRÉDITO RURAL HORIZONTES NOVOS DE IJUÍ - CREHNOR NOROESTE;7268732;b3S;;I;2;IJUI;RS;03/2006;66;0;0;84;0;151;0;0;0;0;0;0;0;30;181;0;20;200;0;65;265
COOPERATIVA DE ECONOMIA E CRÉDITO MÚTUO DOS FUNCIONÁRIOS DA BULK MOLDING COMPOUNDS DO BRASIL INDÚSTRIA DE PLÁSTICOS REFORÇADOS;2541707;b3S;;I;2;RIO CLARO;SP;03/2006;0;0;0;0;0;0;0;0;0;0;0;0;0;28;28;0;6;34;0;228;262
DIRETRIZ - CORRETORA DE CAMBIO LTDA.;4567240;n2;;I;2;RIO DE JANEIRO;RJ;03/2006;0;0;0;0;0;0;0;0;0;0;0;0;0;0;0;0;897;897;0;-639;257
AMERICAN CRED SOCIEDADE DE CRÉDITO AO MICROEMPREENDEDOR LTDA.;5676288;n1;;I;2;AMERICANA;SP;03/2006;0;0;0;0;0;0;0;0;0;0;0;0;0;0;0;0;4;4;0;253;257
COOPERATIVA DE ECONOMIA E CRÉDITO MÚTUO DOS TRABALHADORES EM ENSINO NO DISTRITO FEDERAL-CRÉD-ENSINO;3323621;b3S;;I;2;BRASILIA;DF;03/2006;0;0;0;0;0;0;0;0;0;0;0;0;0;0;0;0;17;17;0;238;255
SUCRED - COOPERATIVA DE ECONOMIA E CRÉDITO MÚTUO DOS FUNCIONÁRIOS DA SUDAM LTDA;83325985;b3S;;I;2;BELEM;PA;03/2006;7;0;0;0;0;7;0;0;0;0;0;0;0;58;66;0;143;209;0;45;254
COOPERATIVA DE ECONOMIA E CRÉDITO MÚTUO DO SETOR METALÚRGICO DO TRIÂNGULO LTDA. - CREDIMETAL;3304138;b3S;;I;2;UBERLANDIA;MG;03/2006;189;0;0;0;0;189;0;0;0;0;0;0;0;0;189;0;222;412;0;-158;254
COOPERATIVA DE ECONOMIA E CREDITO MUTUO DOS PROFESSORES DA REGIAO METROPOLITANA DE PORTO ALEGRE;5419025;b3S;;I;2;PORTO ALEGRE;RS;03/2006;0;0;0;85;0;85;0;0;0;0;0;0;0;61;145;0;4;150;0;100;250
COOPERATIVA DE CRÉDITO RURAL DOS PRODUTORES DA REGIÃO DE IRECÊ - CREDIRURAL;5853210;b3S;;I;2;IRECE;BA;03/2006;40;0;0;133;0;173;0;0;0;0;0;0;0;0;173;0;14;187;0;62;249
COOPERATIVA DE CRÉDITO RURAL DO OESTE LTDA;32666059;b3S;;I;2;LUIS EDUARDO MAGALHAES;BA;03/2006;80;0;0;0;0;80;0;0;0;0;0;0;0;292;372;0;54;426;0;-177;248
COOPERATIVA DE ECONOMIA E CREDITO MUTUO DOS EMPREGADOS DA ELETROMAR LTDA E EATON LTDA NO RIO DE JANEIRO - COOPEATONRJ;34165787;b3S;;I;2;RIO DE JANEIRO;RJ;03/2006;0;0;0;16;0;16;0;0;0;0;0;0;0;0;16;0;42;58;0;190;248
UNICASH - SOCIEDADE DE CREDITO AO MICROEMPREENDEDOR LTDA.;4869329;n1;;I;2;SAO PAULO;SP;03/2006;0;0;0;0;0;0;0;0;0;0;0;0;0;0;0;0;191;191;0;51;242
COOPERATIVA DE CRÉDITO RURAL COM INTERAÇÃO SOLIDÁRIA DE LONDRINA - CRESOL LONDRINA;7211698;b3S;;I;2;LONDRINA;PR;03/2006;49;0;0;83;0;132;0;0;0;0;0;0;0;0;132;0;96;228;0;13;240
COOPERATIVA DE ECONOMIA E CRÉDITO MÚTUO DOS SERVIDORES DA SEGURANÇA PÚBLICA ESTADUAL DA 8ª REGIÃO DO ESTADO DE SÃO PAULO - FINANPOL;5676236;b3S;;I;2;SAO JOSE DO RIO PRETO;SP;03/2006;0;0;0;0;0;0;0;0;0;0;0;0;0;0;0;0;3;3;0;234;236
COOPERATIVA DE CRÉDITO RURAL ILHÉUS LTDA;16348005;b3S;;I;2;ILHEUS;BA;03/2006;396;0;0;0;0;396;0;0;0;0;0;0;0;855;1.251;0;151;1.402;0;-1.168;234
CORPAL SOCIEDADE DE CRÉDITO AO MICROEMPREENDEDOR S.A.;7327045;n1;;I;2;DOURADOS;MS;03/2006;0;0;0;0;0;0;0;0;0;0;0;0;0;0;0;0;10;10;0;223;233
COOPERATIVA DE ECONOMIA E CRÉDITO MÚTUO DOS FUNCIONÁRIOS DA VB TRANSPORTES E TURISMO;51920502;b3S;;I;2;CAMPINAS;SP;03/2006;0;0;0;0;0;0;0;0;0;0;0;0;0;0;0;0;21;21;0;211;233
CAPITAL DE GIRO SOCIEDADE DE CRED.AO MICRO EMPREENDEDOR LTDA;4840785;n1;;I;2;RIO DE JANEIRO;RJ;03/2006;0;0;0;0;0;0;0;0;0;0;0;0;0;0;0;0;6;6;0;223;229
COOPERATIVA DE CRÉDITO RURAL COM INTERAÇÃO SOLIDÁRIA DE XANXERÊ - CRESOL XANXERÊ;7509426;b3S;;I;2;XANXERE;SC;03/2006;80;0;0;132;0;212;0;0;0;0;0;0;0;6;218;0;2;220;0;9;229
COOPERATIVA DE ECONOMIA E CRÉDITO MÚTUO DOS EMPREGADOS DA S.A. TUBONAL, LTDA;27629740;b3S;;I;2;VOLTA REDONDA;RJ;03/2006;0;0;0;0;0;0;0;0;0;0;0;0;0;0;0;0;11;11;0;212;223
CASA DO CRÉDITO S.A. SOCIEDADE DE CRÉDITO AO MICROEMPREENDEDOR;5442029;n1;;I;2;SAO PAULO;SP;03/2006;0;0;0;0;0;0;0;0;0;0;0;0;0;131;131;0;3;133;0;90;223
COOPERATIVA DE ECONOMIA E CRÉDITO MÚTUO DOS SERVIDORES DO MINISTÉRIO DA FAZENDA NO PARÁ LTDA. - COOPERFAZ;83206599;b3S;;I;2;BELEM;PA;03/2006;0;0;0;32;0;32;0;0;0;0;0;0;0;71;103;0;8;111;0;112;223
COOPERATIVA DE CRÉDITO MÚTUO DOS SERVIDORES PÚBLICOS ESTADUAIS DO MUNICÍPIO DE SÃO PAULO E MUNICÍPIOS LIMÍTROFES;2750363;b3S;;I;2;SAO PAULO;SP;03/2006;0;0;0;0;0;0;0;0;0;0;0;0;0;0;0;0;17;17;0;206;223
COOPERATIVA DE ECONOMIA E CREDITO MUTUO DOS EMPREGADOS DA FICAP LTDA;33668245;b3S;;I;2;RIO DE JANEIRO;RJ;03/2006;0;0;0;39;0;39;0;0;0;0;0;0;0;0;39;0;39;77;0;144;221
COOPERATIVA DE ECONOMIA E CRÉDITO MÚTUO DOS FUNCIONÁRIOS DA S.A. INDÚSTRIAS VOTORANTIM-MOAGEM JAGUARE;55427140;b3S;;I;2;SAO PAULO;SP;03/2006;0;0;0;0;0;0;0;0;0;0;0;0;0;0;0;0;1;1;0;219;221
COOPERATIVA DE ECONOMIA E CREDITO MUTUO DOS SERVIDORES DA SECRETARIA DE AGRICULTURA DO ESTADO DO PARA LTDA. SICOOB SAGRI;83663575;b3S;;I;2;BELEM;PA;03/2006;0;0;0;0;0;0;0;0;0;0;0;0;0;18;18;0;11;28;0;191;220
COOPERATIVA DE ECONOMIA E CREDITO MUTUO DOS EMPREGADOS EM ESTABELECIMENTOS PRIVADOS DE ENSINO DO MUNICIPIO DO RIO DE JANEIRO LTDA.;3011222;b3S;;I;2;RIO DE JANEIRO;RJ;03/2006;0;0;0;48;0;48;0;0;0;0;0;0;0;0;48;0;27;75;0;144;219
FINACRED - SOCIEDADE DE CREDITO AO MICROEMPREENDEDOR LTDA;4275302;n1;;I;2;SAO PAULO;SP;03/2006;0;0;0;0;0;0;0;0;0;0;0;0;0;0;0;0;70;70;0;147;216
COOPERDADOS  - COOPERATIVA DE ECONOMIA E CRÉDITO MÚTUO DOS EMPREGADOS DA EMPRESA DE PROCESSAMENTO DADOS DO ESTADO DO PARÁ LTDA;83383042;b3S;;I;2;BELEM;PA;03/2006;0;0;0;0;0;0;0;0;0;0;0;0;0;0;0;0;16;16;0;199;215
COOPERATIVA DE CRÉDITO RURAL COM INTERAÇÃO SOLIDÁRIA DE ÁGUAS DE CHAPECÓ - CRESOL ÁGUAS DE CHAPECÓ;7514202;b3S;;I;2;AGUAS DE CHAPECO;SC;03/2006;40;0;0;113;2;155;0;0;0;0;0;0;0;0;155;0;2;158;0;57;214
COOPERATIVA DE ECONOMIA E CRÉDITO MÚTUO DOS COLABORADORES DA CIA MINEIRA DE ELETRICIDADE LTDA. - COMEL;21598032;b3S;;I;2;JUIZ DE FORA;MG;03/2006;0;0;0;45;0;45;0;0;0;0;0;0;0;6;51;0;68;119;0;94;213
COOPERATIVA DE ECONOMIA E CREDITO MUTUO DOS COMERCIANTES DE CONFECCOES DA GLORIA - COOPGLORIA;2357417;b3S;;I;2;VILA VELHA;ES;03/2006;95;0;0;4;59;158;0;0;0;0;0;0;0;200;358;0;32;391;0;-178;213
COOPERATIVA DE ECONOMIA E CRÉDITO MÚTUO DOS FABRICANTES DE CALÇADOS DO VALE DO RIO DOS SINOS LTDA;5690951;b3S;;I;2;NOVO HAMBURGO;RS;03/2006;76;0;0;218;0;295;0;0;0;0;0;0;0;118;413;0;25;438;0;-226;212
COOPERATIVA DE CRÉDITO MÚTUO DOS EMPREGADOS DAS INDÚSTRIAS DO PAPEL, PAPELÃO E CORTIÇA DE OTACÍLIO COSTA, LAGES E CORREA PINTO - PAPELCREDI;6369729;b3S;;I;2;OTACILIO COSTA;SC;03/2006;0;0;0;104;0;104;0;0;0;0;0;0;0;0;104;0;8;112;0;97;210
COOPERATIVA DE CRÉDITO MÚTUO DOS FUNCIONÁRIOS DA CAMDA-COCREALPA - CREDI-CAMDA;5165103;b3S;;I;2;ADAMANTINA;SP;03/2006;0;0;0;0;0;0;0;0;0;0;0;0;0;0;0;0;5;5;0;205;209
CENTRAL DAS COOPERATIVAS DE ECONOMIA E CRÉDITO MÚTUO DO ESTADO DO ESPÍRITO SANTO LTDA. - CECOOPES;5790149;b3C;;I;2;VITORIA;ES;03/2006;0;0;0;0;0;0;0;0;0;0;0;0;0;0;0;0;5;5;0;198;203
COOPETRAUX-CRED - COOPERATIVA DE ECONOMIA E CREDITO MUTUO DOS EMPREGADOS EM POSTOS DE REVENDA DE COMBUSTIVEIS DO GRANDE RIO LTDA.;6940082;b3S;;I;2;RIO DE JANEIRO;RJ;03/2006;0;0;0;147;0;147;0;0;0;0;0;0;0;0;147;0;5;152;0;50;202
CREDZAT - COOPERATIVA DE FOMENTO AO CRÉDITO DE FORTALEZA LTDA.;7201122;b3S;;I;2;FORTALEZA;CE;03/2006;83;0;0;0;35;118;0;0;0;0;0;0;0;0;118;0;34;152;0;38;190
COOPERATIVA DE CRÉDITO CAIXEIRAL DO CRATO LTDA.;7174980;b3S;;I;2;CRATO;CE;03/2006;91;0;0;0;0;91;0;0;0;0;0;0;0;0;91;0;6;97;0;93;190
COOPERATIVA DE ECONOMIA E CRÉDITO MÚTUO DOS EMPREGADOS DA DRIVEWAY;71799308;b3S;;I;2;SAO PAULO;SP;03/2006;0;0;0;0;0;0;0;0;0;0;0;0;0;0;0;0;6;6;0;182;189
COOPERATIVA DE ECONOMIA E CREDITO MUTUO DOS FUNCIONARIOS DA SANEPAR - CREDISANEPAR;3165497;b3S;;I;2;CASCAVEL;PR;03/2006;16;0;0;0;42;58;0;0;0;0;0;0;0;0;58;0;37;94;0;93;188
HSCM-HERON SOCIEDADE DE CRÉDITO AO MICROEMPREENDEDOR;7693858;n1;;I;2;IBIA;MG;03/2006;0;0;0;0;0;0;0;0;0;0;0;0;0;0;0;0;4;4;0;181;185
COOPERATIVA DE ECONOMIA E CRÉDITO MÚTUO DOS SERVIDORES DA GOIÁS FERTILIZANTES S/A - GOIÁSFERTIL - ?COCRESGO? LTDA.;968834;b3S;;I;2;CATALAO;GO;03/2006;0;0;0;0;0;0;0;0;0;0;0;0;0;1;1;0;2;3;0;181;184
COOPERATIVA DE ECONOMIA E CRÉDITO MÚTUO DOS SERVIDORES DO  INSTITUTO PREVIDÊNCIA DO ESTADO DA PARAÍBA - CREDIPEP LTDA.;1742756;b3S;;I;2;JOAO PESSOA;PB;03/2006;0;0;0;0;0;0;0;0;0;0;0;0;0;0;0;0;159;159;0;22;182
COOPERATIVA DE ECONOMIA E CREDITO MUTUO DOS EMPREGADOS DA CIA ACUCAREIRA USINA CUPIM LTDA;28980936;b3S;;I;2;CAMPOS DOS GOYTACAZES;RJ;03/2006;0;0;0;0;0;0;0;0;0;0;0;0;0;0;0;0;124;124;0;56;180
COOPERATIVA DE ECONOMIA E CRÉDITO MÚTUO DOS EMPREGADOS EM ESTABELECIMENTOS BANCÁRIOS DE TERESINA/PIAUÍ - COOPERBAN;4633530;b3S;;I;2;TERESINA;PI;03/2006;0;0;0;84;0;84;0;0;0;0;0;0;0;0;84;0;3;87;0;93;179
COOPERATIVA DE ECONOMIA E CRÉDITO MÚTUO DOS TRABALHADORES DA FIAÇÃO E TECELAGEM SÃO JOSÉ LTDA;19476977;b3S;;I;2;BARBACENA;MG;03/2006;0;0;0;0;0;0;0;0;0;0;0;0;0;0;0;0;14;14;0;164;178
COOPERATIVA DE ECONOMIA E CRÉDITO MÚTUO DOS FUNCIONÁRIOS DA LEITE NILZA;48013940;b3S;;I;2;RIBEIRAO PRETO;SP;03/2006;0;0;0;0;0;0;0;0;0;0;0;0;0;0;0;0;66;66;0;112;178
COOPSEGURA - COOPERATIVA DE ECONOMIA E CRÉDITO MÚTUO DOS SERVIDORES DA SECRETARIA DE DEFESA SOCIAL DO ESTADO DE PERNAMBUCO LTDA;2152554;b3S;;I;2;RECIFE;PE;03/2006;0;0;0;0;0;0;0;0;0;0;0;0;0;122;122;0;61;183;0;-6;177
COOPERATIVA DE CRÉDITO RURAL COM INTERAÇÃO SOLIDÁRIA DE SÃO JOÃO - CRESOL SÃO JOÃO;7557462;b3S;;I;2;SAO JOAO;PR;03/2006;37;0;0;52;0;89;0;0;0;0;0;0;0;20;110;0;36;145;0;31;176
COOPCOM-COOPERATIVA DE ECONOMIA E CRÉDITO MÚTUO DOS COMERCIANTES DE CONFECÇÃO DA REGIÃO DOS LAGOS LTDA;4225340;b3S;;I;2;CABO FRIO;RJ;03/2006;58;0;0;0;0;58;0;0;0;0;0;0;0;0;58;0;11;69;0;107;176
CREDISHOW SOCIEDADE DE CREDITO AO MICROEMPREENDEDOR LTDA.;7493926;n1;;I;2;INDAIAL;SC;03/2006;0;0;0;0;0;0;0;0;0;0;0;0;0;0;0;0;9;9;10;156;175
COOPERATIVA DE ECONOMIA E CRÉDITO MÚTUO DOS EMPREGADOS DA METALÚRGICA BARRA DO PIRAÍ-MATÃO;49054216;b3S;;I;2;MATAO;SP;03/2006;0;0;0;0;0;0;0;0;0;0;0;0;0;0;0;0;4;4;0;170;174
COOPERATIVA DE CRÉDITO MÚTUO DOS EMPREGADOS DO CENTRO UNIVERSITÁRIO NEWTON PAIVA LTDA. - CREDIPAIVA;20833992;b3S;;I;2;BELO HORIZONTE;MG;03/2006;0;0;0;0;35;35;0;0;0;0;0;0;0;0;35;0;12;47;0;125;172
UNICREF CEARA - COOPERATIVA DE ECONOMIA E CRÉDITO MÚTUO DOS EMPREGADOS DA UNIMED DE FORTALEZA E DEMAIS ENTIDADES COOPERATIVISTAS  DA REGIÃO METROPOLITANA DE FORTALEZA LTDA;1512743;b3S;;I;2;FORTALEZA;CE;03/2006;31;0;0;6;0;37;0;0;0;0;0;0;0;0;37;0;8;46;0;126;172
COOPERATIVA DE CRÉDITO RURAL COM INTERAÇÃO SOLIDÁRIA DE PINHALZINHO - CRESOL PINHALZINHO;7412987;b3S;;I;2;PINHALZINHO;SC;03/2006;43;0;0;105;0;148;0;0;0;0;0;0;0;4;151;0;1;153;0;19;171
COOPERATIVA DE CRÉDITO RURAL DA AGRICULTURA FAMILIAR COM INTERAÇÃO SOLIDÁRIA DE MINEIROS;5491616;b3S;;I;2;MINEIROS;GO;03/2006;52;0;0;72;0;123;0;0;0;0;0;0;0;0;123;0;1;124;0;44;169
COOPERATIVA DE CRÉDITO RURAL DE ECONOMIA SOLIDÁRIA DO PAJEÚ - ECOSOL PAJEÚ;5094985;b3S;;I;2;TABIRA;PE;03/2006;0;0;0;55;0;55;0;0;0;0;0;0;0;1;56;0;3;59;0;106;165
FINCRED - SOCIEDADE DE CRÉDITO AO MICROEMPREENDEDOR LTDA;5147693;n1;;I;2;LONDRINA;PR;03/2006;0;0;0;0;0;0;0;0;0;0;0;0;0;0;0;0;10;10;0;154;164
COOPERATIVA DE CRÉDITO MÚTUO DOS MICROS E PEQUENOS EMPRESÁRIOS E MICROEMPREENDEDORES DE SÃO CARLOS - SICOOB CREDIACISC;7669921;b3S;;I;2;SAO CARLOS;SP;03/2006;47;0;0;0;64;111;0;0;0;0;0;0;0;0;111;0;3;114;0;50;163
COOPERATIVA DE ECONOMIA E CRÉDITO MÚTUO DOS TRABALHADORES EM ESTABELECIMENTO DE ENSINO DE BEBEDOURO - EDUCRED;4791797;b3S;;I;2;BEBEDOURO;SP;03/2006;0;0;0;62;0;62;0;0;0;0;0;0;0;0;62;0;7;69;0;93;163
COOPERATIVA DE CRÉDITO MÚTUO DOS FUNCIONÁRIOS DA FIEP, SESI, SENAI E IEL - CREDFISP LTDA.;5747018;b3S;;I;2;CAMPINA GRANDE;PB;03/2006;1;0;0;0;0;1;0;0;0;0;0;0;0;0;1;0;9;10;0;152;162
CRESCER S/A SOCIEDADE DE CREDITO AO MICROEMPREENDEDOR;5292284;n1;;I;2;RIO DE JANEIRO;RJ;03/2006;0;0;0;0;0;0;0;0;0;0;0;0;0;0;0;0;0;0;0;161;161
FUTURA SOCIEDADE DE CREDITO AO MICROEMPREENDEDOR LTDA.;6039009;n1;;I;2;JOAO PESSOA;PB;03/2006;0;0;0;0;0;0;0;0;0;0;0;0;0;0;0;0;0;0;0;160;160
COOPERATIVA DE ECONOMIA E CRÉDITO MÚTUO DOS EMPREGADOS DA ASSOCIAÇÃO DOS FORNECEDORES DE CANA DE GUARIBA;74562190;b3S;;I;2;GUARIBA;SP;03/2006;0;0;0;0;0;0;0;0;0;0;0;0;0;0;0;0;0;0;0;160;160
COOPERATIVA DE CRÉDITO RURAL DE ECONOMIA SOLIDÁRIA DE OLIVEIRA DOS BREJINHOS - ECOSOL/OLIVEIRA DOS BREJINHOS;5428587;b3S;;I;2;OLIVEIRA DOS BREJINHOS;BA;03/2006;0;0;0;96;0;96;0;0;0;0;0;0;0;0;96;0;12;108;0;51;159
COOPERATIVA DE ECONOMIA E CREDITO MUTUO DOS EMPREGADOS DA USINA SAPUCAIA E COLIGADAS LTDA;27044379;b3S;;I;2;CAMPOS DOS GOYTACAZES;RJ;03/2006;0;0;0;0;0;0;0;0;0;0;0;0;0;0;0;0;15;15;0;139;154
COOPERATIVA DE ECONOMIA E CRÉDITO MÚTUO DOS EMPREGADOS ESTABELECIMENTO BANCÁRIOS DE UBERABA LTDA.;1408563;b3S;;I;2;UBERABA;MG;03/2006;0;0;0;0;0;0;0;0;0;0;0;0;0;0;0;0;31;31;0;121;152
COOPERATIVA DE CRÉDITO RURAL DO ALTO DO VALE DO TAQUARI - ALTOCREDI;7356021;b3S;;I;2;ILOPOLIS;RS;03/2006;60;0;0;78;0;138;0;0;0;0;0;0;0;0;138;0;0;139;0;9;148
COOPERATIVA DE ECONOMIA E CRÉDITO MÚTUO DOS EMPREGADOS DAS EMPRESAS SOMART LTDA.;129753;b3S;;I;2;URUCANIA;MG;03/2006;0;0;0;0;0;0;0;0;0;0;0;0;0;0;0;0;9;9;0;136;146
COOPERATIVA DE ECONOMIA E CREDITO MUTUO DOS FUNCIONARIOS DA INTERCONTINENTAL HOTELEIRA LTDA.;27183359;b3S;;I;2;RIO DE JANEIRO;RJ;03/2006;0;0;0;0;0;0;0;0;0;0;0;0;0;29;29;0;20;49;0;96;145
COOPERATIVA DE ECONOMIA E CRÉDITO MÚTUO DOS PROFESSORES E DEMAIS PROFISSIONAIS DA ÁREA DE EDUCAÇÃO DO MUNICÍPIO DE BELÉM - SICOOB-EDUC-PARÁ;5235613;b3S;;I;2;BELEM;PA;03/2006;0;0;0;67;0;67;0;0;0;0;0;0;0;0;67;0;16;83;0;62;145
COOPERATIVA DE ECONOMIA E CREDITO MUTUO DOS SERVIDORES DO MEC NO RIO DE JANEIRO - RJ LTDA - COSMEC;29975216;b3S;;I;2;RIO DE JANEIRO;RJ;03/2006;0;0;0;0;0;0;0;0;0;0;0;0;0;2;2;0;20;22;0;120;142
COOPERATIVA DE CRÉDITO MÚTUO DOS EMPREGADOS DA EMPRESA DE TRENS URBANOS DE PORTO ALEGRE S/A - COOPTREM;5950221;b3S;;I;2;PORTO ALEGRE;RS;03/2006;0;0;0;88;0;88;0;0;0;0;0;0;0;17;104;0;0;104;0;36;141
SAF - SOCIEDADE DE CRÉDITO AO MICROEMPREENDEDOR LTDA.;5767737;n1;;I;2;SAO PAULO;SP;03/2006;0;0;0;0;0;0;0;0;0;0;0;0;0;33;33;0;4;37;0;102;139
FOCCAL SOCIEDADE DE CREDITO AO MICROEMPREENDEDOR LTDA.;4766649;n1;;I;2;FORTALEZA;CE;03/2006;0;0;0;0;0;0;0;0;0;0;0;0;0;0;0;0;241;241;0;-101;139
COOPERATIVA DE CRÉDITO DOS LOJISTAS DO DISTRITO FEDERAL - SICOOB CREDILOJISTA;7836458;b3S;;I;2;BRASILIA;DF;03/2006;0;0;0;0;0;0;0;0;0;0;0;0;0;0;0;0;4;4;0;134;138
KANA FIN SOCIEDADE DE CREDITO AO MICROEMPREENDEDOR LTDA.;4986548;n1;;I;2;RECIFE;PE;03/2006;0;0;0;0;0;0;0;0;0;0;0;0;0;0;0;0;22;22;0;116;137
MATURITY SOCIEDADE DE CRÉDITO AO MICROEMPREENDEDOR LTDA.;6369886;n1;;I;2;SAO PAULO;SP;03/2006;0;0;0;0;0;0;0;0;0;0;0;0;0;0;0;0;0;0;0;137;137
COOPERATIVA DE CRÉDITO RURAL COM INTERAÇÃO SOLIDÁRIA DE CORONEL DOMINGOS SOARES - CRESOL CORONEL DOMINGOS SOARES;7286011;b3S;;I;2;CORONEL DOMINGOS SOARES;PR;03/2006;35;0;0;40;0;76;0;0;0;0;0;0;0;17;93;0;3;96;0;40;135
COOPERATIVA DE ECONOMIA E CRÉDITO MÚTUO DOS MILITARES E SERVIDORES PÚBLICOS DO VALE DO IGUAÇU - CREDIMIL;5462911;b3S;;I;2;PORTO UNIAO;SC;03/2006;52;0;0;0;0;52;0;0;0;0;0;0;0;0;52;0;2;53;17;65;135
COOPERATIVA DE ECONOMIA E CREDITO MUTUO DOS FUNCIONARIOS DO RIO-SHERATON HOTEL LTDA;30299416;b3S;;I;2;RIO DE JANEIRO;RJ;03/2006;0;0;0;0;0;0;0;0;0;0;0;0;0;0;0;0;17;17;0;118;135
COOPERATIVA DE CRÉDITO RURAL DE ECONOMIA SOLIDÁRIA SENHOR DO BONFIM - ECOSOL SENHOR DO BONFIM;5644916;b3S;;I;2;PONTO NOVO;BA;03/2006;0;0;0;35;0;35;0;0;0;0;0;0;0;101;136;0;3;138;0;-5;134
COOPERATIVA DE CRÉDITO DOS EMPREGADOS DA SOBRAL INVICTA;25691478;b3S;;I;2;POUSO ALEGRE;MG;03/2006;0;0;0;0;0;0;0;0;0;0;0;0;0;0;0;0;2;2;0;130;131
COOPERATIVA DE ECONOMIA E CRÉDITO MÚTUO DOS SERVIDORES DO INSTITUTO NÁUTICO BRASILEIRO - INABRA LTDA;83332627;b3S;;I;2;BELEM;PA;03/2006;0;0;0;0;0;0;0;0;0;0;0;0;0;0;0;0;2;2;0;128;129
FLEX SOCIEDADE DE CRÉDITO AO MICROEMPREENDEDOR LTDA;7584094;n1;;I;2;BELO HORIZONTE;MG;03/2006;0;0;0;0;0;0;0;0;0;0;0;0;0;0;0;0;0;0;0;128;128
COOPERATIVA DE ECONOMIA E CREDITO MUTUO DOS EMPREGADOS NAS INDUSTRIAS QUIMICAS, FARMACEUTICAS E SIMILARES DA REGIAO METROPOLITANA DO RIO DE JANEIRO LTDA;5424088;b3S;;I;2;SAO GONCALO;RJ;03/2006;0;0;0;0;0;0;0;0;0;0;0;0;0;0;0;0;10;10;0;115;125
COOPERATIVA DE CRÉDITO RURAL COM INTERAÇÃO SOLIDÁRIA DE IMARUÍ - CRESOL IMARUÍ;7519375;b3S;;I;2;IMARUI;SC;03/2006;63;0;0;34;0;96;0;0;0;0;0;0;0;0;96;0;1;97;0;28;125
REALIZA - SOCIEDADE CREDITO AO MICROEMPREENDEDOR LTDA.;4819441;n1;;I;2;SANTOS DUMONT;MG;03/2006;0;0;0;0;0;0;0;0;0;0;0;0;0;0;0;0;6;6;0;117;123
COOPERATIVA DE ECONOMIA E CRÉDITO MÚTUO DOS EMPREGADOS EM ESTABELECIMENTOS BANCÁRIOS, DE CRÉDITOS E FINANCIAMENTOS DE DIVINÓPOLIS E REGIÃO LTDA;5433161;b3S;;I;2;DIVINOPOLIS;MG;03/2006;0;0;0;0;0;0;0;0;0;0;0;0;0;0;0;0;3;3;0;119;122
COOPERATIVA DE ECONOMIA E CRÉDITO MÚTUO DOS SERVIDORES DA UNIVERSIDADE FEDERAL DO ACRE - CREDUFAC;5560691;b3S;;I;2;RIO BRANCO;AC;03/2006;0;0;0;0;0;0;0;0;0;0;0;0;0;0;0;0;1;1;0;120;121
COOPERATIVA DE CRÉDITO RURAL COM INTERAÇÃO SOLIDÁRIA DE TAIÓ - CRESOL TAIÓ;7319077;b3S;;I;2;TAIO;SC;03/2006;43;0;0;40;0;82;0;0;0;0;0;0;0;13;96;0;2;98;0;22;119
COOPERATIVA DE CRÉDITO RURAL HORIZONTES NOVOS DE PALMITOS - CREHNOR PALMITOS;7211070;b3S;;I;2;PALMITOS;SC;03/2006;35;0;0;56;0;91;0;0;0;0;0;0;0;15;106;0;4;110;0;9;118
WELMAG SOCIEDADE DE CRÉDITO AO MICROEMPREENDEDOR LTDA;5280261;n1;;I;2;BELO HORIZONTE;MG;03/2006;0;0;0;0;0;0;0;0;0;0;0;0;0;7;7;0;4;11;0;106;117
COOPERATIVA DE ECONOMIA E CRÉDITO MÚTUO DOS EMPREGADOS DA SUPPORT;5871212;b3S;;I;2;SAO JOSE DOS CAMPOS;SP;03/2006;0;0;0;0;0;0;0;0;0;0;0;0;0;0;0;0;5;5;0;112;117
COOPERATIVA DE ECONOMIA E CRÉDITO MÚTUO DOS TRABALHADORES DAS INDÚSTRIAS METALÚRGICAS DE PORTO ALEGRE E GRANDE PORTO ALEGRE;90560434;b3S;;I;2;PORTO ALEGRE;RS;03/2006;0;0;0;3;0;3;0;0;0;0;0;0;0;54;56;0;19;75;0;39;115
COOPERATIVA DE ECONOMIA E CRÉDITO MÚTUO DOS SERVIDORES PÚBLICOS MUNICIPAIS DE CURVELO LTDA.;2454082;b3S;;I;2;CURVELO;MG;03/2006;0;0;0;0;0;0;0;0;0;0;0;0;0;27;27;0;3;29;0;84;114
COOPERATIVA DE ECONOMIA E CREDITO MUTUO DOS EMPREGADOS EMPRESAS RODOVIARIAS LOCAL.GRANDE VITORIA - RODOCAIXA;3880529;b3S;;I;2;VITORIA;ES;03/2006;0;0;0;0;0;0;0;0;0;0;0;0;0;0;0;0;16;16;0;95;110
COOPERJUP - COOPERATIVA DE ECONOMIA E CRÉDITO MÚTUO DOS SERVIDORES DA JUNTA COMERCIAL DO ESTADO DO PARÁ LTDA;83325936;b3S;;I;2;BELEM;PA;03/2006;0;0;0;0;0;0;0;0;0;0;0;0;0;0;0;0;16;16;0;94;110
COOPERATIVA DE ECONOMIA E CRÉDITO MÚTUO DOS EMPREGADOS DA CAULIM DA AMAZÔNIA S/A - CADAM, EM MONTE DOURADO -  CREDICADAM;5117957;b3S;;I;2;ALMEIRIM;PA;03/2006;0;0;0;0;0;0;0;0;0;0;0;0;0;0;0;0;0;0;0;109;109
COOPERATIVA DE CRÉDITO MÚTUO DOS FUNCIONÁRIOS DO GRUPO HIDROPLAS;68986330;b3S;;I;2;BOTUCATU;SP;03/2006;0;0;0;0;0;0;0;0;0;0;0;0;0;19;19;0;4;23;0;84;107
BNS SOCIEDADE DE CRÉDITO AO MICROEMPREENDEDOR LTDA.;7835244;n1;;I;2;JACUTINGA;MG;03/2006;0;0;0;0;0;0;0;0;0;0;0;0;0;0;0;0;1;1;0;106;107
COOPERATIVA DE CRÉDITO RURAL COM INTERAÇÃO SOLIDÁRIA DE ADRIANÓPOLIS - CRESOL ADRIANÓPOLIS;7396258;b3S;;I;2;ADRIANOPOLIS;PR;03/2006;36;0;0;21;0;57;0;0;0;0;0;0;0;0;57;0;12;69;0;37;107
COOPERATIVA DE CRÉDITO RURAL DE ECONOMIA SOLIDÁRIA DE TABOCAS DO BREJO VELHO - ECOSOL/TABOCAS DO BREJO VELHO;5478479;b3S;;I;2;TABOCAS DO BREJO VELHO;BA;03/2006;0;0;0;51;0;51;0;0;0;0;0;0;0;2;53;0;0;54;0;52;106
COOPERATIVA DE CRÉDITO MÚTUO DOS SERVIDORES MUNICIPAIS DE BEBEDOURO - COOCRESB.;5969937;b3S;;I;2;BEBEDOURO;SP;03/2006;0;0;0;0;0;0;0;0;0;0;0;0;0;46;46;0;1;47;0;58;105
COOPERATIVA DE CRÉDITO RURAL DO SERTÃO ALAGOANO - COCREAL;7564184;b3S;;I;2;PAO DE ACUCAR;AL;03/2006;1;0;0;0;0;1;0;0;0;0;0;0;0;0;1;0;66;67;0;38;104
CREDIVIG - COOPERATIVA DE ECONOMIA E CRÉDITO MÚTUO DOS VIGILANTES E PROFISSIONAIS DA ÁREA DE SEGURANÇA PRIVADA DO ESTADO DO RIO DE JANEIRO;3326826;b3S;;I;2;RIO DE JANEIRO;RJ;03/2006;0;0;0;0;0;0;0;0;0;0;0;0;0;311;311;0;153;464;0;-363;101
CREFIN - SOCIEDADE DE CRÉDITO AO MICROEMPREENDEDOR LTDA.;6346262;n1;;I;2;MANAUS;AM;03/2006;0;0;0;0;0;0;0;0;0;0;0;0;0;0;0;0;0;0;0;100;100
BIGCARD SOCIEDADE DE CRÉDITO AO MICROEMPREENDEDOR LTDA;7502395;n1;;I;2;GOVERNADOR VALADARES;MG;03/2006;0;0;0;0;0;0;0;0;0;0;0;0;0;0;0;0;0;0;0;100;100
COOPERATIVA DE ECONOMIA E CRÉDITO MÚTUO DOS BANCÁRIOS DE JUIZ DE FORA LTDA. - COCBAN;4158581;b3S;;I;2;JUIZ DE FORA;MG;03/2006;0;0;0;0;0;0;0;0;0;0;0;0;0;0;0;0;1;1;0;98;99
COOPERATIVA DE CRÉDITO MÚTUO DOS SERVIDORES DO MINISTÉRIO DA SAÚDE DO ESTADO DO PARÁ - COOSEMS;4160724;b3S;;I;2;BELEM;PA;03/2006;0;0;0;0;0;0;0;0;0;0;0;0;0;0;0;0;3;3;0;95;98
COOPERATIVA DE ECONOMIA E CREDITO MUTUO DOS EMPREGADOS DA ELECTRO-VIDRO LTDA.;35815125;b3S;;I;2;SAO GONCALO;RJ;03/2006;0;0;0;0;0;0;0;0;0;0;0;0;0;0;0;0;2;2;0;96;97
COOPERATIVA DE CRÉDITO RURAL COM INTERAÇÃO SOLIDÁRIA DE APIÚNA - CRESOL APIÚNA;7215632;b3S;;I;2;APIUNA;SC;03/2006;28;0;0;28;0;57;0;0;0;0;0;0;0;0;57;0;6;63;0;35;97
SP CREDIT - COOPERATIVA DE CRÉDITO DOS SERVIDORES PÚBLICOS DA GRANDE SÃO PAULO;4255557;b3S;;I;2;SAO PAULO;SP;03/2006;0;0;0;0;0;0;0;0;0;0;0;0;0;0;0;0;10;10;0;88;97
COOPERATIVA DE ECONOMIA E CRÉDITO MÚTUO DOS FUNCIONÁRIOS DA CERÂMICA PORTO FERREIRA;49616303;b3S;;I;2;PORTO FERREIRA;SP;03/2006;0;0;0;0;0;0;0;0;0;0;0;0;0;0;0;0;0;0;0;96;96
COOPERATIVA DE CRÉDITO RURAL COM INTERAÇÃO SOLIDÁRIA DE OURO - CRESOL OURO;7853842;b3S;;I;2;OURO;SC;03/2006;14;0;0;70;0;84;0;0;0;0;0;0;0;0;84;0;0;84;0;8;92
TECNOCRERJ - COOPERATIVA DE ECONOMIA E CRÉDITO MÚTUO DOS PROFISSIONAIS DAS ÁREAS SUJEITAS À INSCRIÇÃO NO CREA DA REGIÃO  METROPOLITANA DO RIO DE JANEIRO LTDA;4507147;b3S;;I;2;RIO DE JANEIRO;RJ;03/2006;11;0;0;1;0;12;0;0;0;0;0;0;0;0;12;0;36;47;0;42;89
COOPERATIVA DE ECONOMIA E CRÉDITO MÚTUO DOS SERVIDORES DO MINISTÉRIO  DO TRABALHO EM MINAS GERAIS LTDA.;2525045;b3S;;I;2;BELO HORIZONTE;MG;03/2006;0;0;0;0;0;0;0;0;0;0;0;0;0;0;0;0;16;16;0;71;87
COOPERATIVA DE CRÉDITO MÚTUO DOS MILITARES DA ATIVA E DA RESERVA REMUNERADA, REFORMADOS, PENSIONISTAS E EXPEDICIONÁRIOS DAS FORÇAS ARMADAS - BS;5742404;b3S;;I;2;SAO VICENTE;SP;03/2006;0;0;0;0;0;0;0;0;0;0;0;0;0;0;0;0;0;0;0;86;86
COOPERATIVA DE ECONOMIA E CREDITO MUTUO DOS CONTABILISTAS DO ESTADO DO RJ LTDA;5463391;b3S;;I;2;RIO DE JANEIRO;RJ;03/2006;0;0;0;6;0;6;0;0;0;0;0;0;0;48;54;0;7;61;0;25;86
COOPERATIVA DE ECONOMIA E CREDITO MUTUO DOS EMPREGADOS IND.ALIMENTACAO REG.GRDE.VITORIA EST.ES-CREDI-ALIMENTO;3973743;b3S;;I;2;VITORIA;ES;03/2006;0;0;0;0;0;0;0;0;0;0;0;0;0;0;0;0;1;1;0;82;83
COOPERATIVA DE ECONOMIA E CREDITO MUTUO DA TIMKEN DO BRASIL COMERCIO E INDUSTRIA LTDA;902909;b3S;;I;2;NOVA FRIBURGO;RJ;03/2006;0;0;0;0;0;0;0;0;0;0;0;0;0;0;0;0;7;7;0;76;83
COOPERATIVA DE ECONOMIA E CRÉDITO MÚTUO DOS EMPREGADOS DA BORCOL;73156218;b3S;;I;2;SOROCABA;SP;03/2006;0;0;0;0;0;0;0;0;0;0;0;0;0;0;0;0;65;65;0;18;83
COOPERATIVA DE ECONOMIA E CRÉDITO MÚTUO DOS FUNCIONÁRIOS DA INSTITUIÇÃO MOURA LACERDA;67251272;b3S;;I;2;RIBEIRAO PRETO;SP;03/2006;0;0;0;0;0;0;0;0;0;0;0;0;0;0;0;0;10;10;0;71;81
COOPERATIVA DE ECONOMIA E CRÉDITO MÚTUO DOS BANCÁRIOS DE SOROCABA E REGIÃO;71491609;b3S;;I;2;SOROCABA;SP;03/2006;0;0;0;0;0;0;0;0;0;0;0;0;0;0;0;0;10;10;0;69;79
COOPERATIVA DE ECONOMIA E CRÉDITO MÚTUO DOS EMPREGADOS EMPRESAS TRANSPORTE E TRÂNSITO SÃO PAULO - COOPERTRANS;3700068;b3S;;I;2;SAO PAULO;SP;03/2006;0;0;0;0;0;0;0;0;0;0;0;0;0;12;12;0;60;72;0;6;78
COOPERATIVA DE CRÉDITO RURAL DE ECONOMIA SOLIDÁRIA SERRA GERAL - ECOSOL/SERRA GERAL;5533128;b3S;;I;2;CACULE;BA;03/2006;0;0;0;36;0;36;0;0;0;0;0;0;0;0;36;0;6;42;0;34;76
COOPERATIVA DE CRÉDITO RURAL COM INTERAÇÃO SOLIDÁRIA DE CASTRO - CRESOL CASTRO;7407136;b3S;;I;2;CASTRO;PR;03/2006;11;0;0;11;0;22;0;0;0;0;0;0;0;36;58;0;1;59;0;14;73
COOPERATIVA DE CREDITO RURAL DE DESENVOLVIMENTO SOLIDARIO DE IUNA-ES - CREDSOL;5850566;b3S;;I;2;IUNA;ES;03/2006;9;0;0;0;0;9;0;0;0;0;0;0;0;0;9;0;34;42;0;26;69
COOPERATIVA DE ECONOMIA E CRÉDITO MÚTUO DOS ADVOGADOS DE JUIZ DE FORA LTDA;2223743;b3S;;I;2;JUIZ DE FORA;MG;03/2006;0;0;0;0;0;0;0;0;0;0;0;0;0;0;0;0;11;11;0;55;66
COOPERATIVA DE ECONOMIA E CRÉDITO MÚTUO DOS EMPREGADOS DE EMPRESAS DE FRUTICULTURA DO VALE DO ASSU - FRUCREDI;40767550;b3S;;I;2;ACU;RN;03/2006;0;0;0;0;0;0;0;0;0;0;0;0;0;0;0;0;5;5;0;58;63
COOCREDI - COOPERATIVA DE CRÉDITO RURAL DA REGIÃO DE ITAPIPOCA LTDA.;4723991;b3S;;I;2;ITAPIPOCA;CE;03/2006;24;0;0;65;0;90;0;0;0;0;0;0;0;0;90;0;1;91;0;-28;63
COOPERATIVA DE ECONOMIA E CREDITO MUTUO DOS EMPREGADOS DO GRUPO BEZERRA DE MELLO LTDA;33916883;b3S;;I;2;RIO DE JANEIRO;RJ;03/2006;0;0;0;0;0;0;0;0;0;0;0;0;0;0;0;0;12;12;0;45;57
COOPERATIVA DE ECONOMIA E CRÉDITO MÚTUO DOS SERVIDORES CIVIS E  MILITARES DAS FORÇAS ARMADAS NA REGIÃO METROPOLITANA DE BELÉM DO PARÁ - COOPFARMA;1732003;b3S;;I;2;BELEM;PA;03/2006;0;0;0;0;0;0;0;0;0;0;0;0;0;15;15;0;10;25;0;29;55
COOPERATIVA DE ECONOMIA E CREDITO MUTUO DOS ADVOGADOS DO ESTADO DO RIO DE JANEIRO LTDA.;7755335;b3S;;I;2;RIO DE JANEIRO;RJ;03/2006;0;0;0;0;0;0;0;0;0;0;0;0;0;0;0;0;0;0;0;51;51
COOPERATIVA DE ECONOMIA E CRÉDITO MÚTUO DOS CONTADORES, TÉCNICOS EM CONTABILIDADE,  ADMINISTRADORES E ECONOMISTAS DE FORTALEZA LTDA - CREDCONTA FORTALEZA;5066544;b3S;;I;2;FORTALEZA;CE;03/2006;0;0;0;0;0;0;0;0;0;0;0;0;0;0;0;0;7;7;0;44;50
COOPERATIVA DE ECONOMIA E CRÉDITO MÚTUO DOS SERVIDORES E  FUNCIONÁRIOS DO CENTRO EST DE EDUCACAO TEC PAULA SOUZA - CECRECEPS;5655770;b3S;;I;2;SAO PAULO;SP;03/2006;0;0;0;0;0;0;0;0;0;0;0;0;0;0;0;0;0;0;0;47;47
COOPERATIVA DE CRÉDITO MÚTUO DOS EMPREGADOS DAS EMPRESAS DE TRANSPORTE DE PASSAGEIROS DE ITU E REGIÃO - VALECRED;5645952;b3S;;I;2;ITU;SP;03/2006;0;0;0;0;0;0;0;0;0;0;0;0;0;0;0;0;0;0;0;46;46
COOPERATIVA DE CRÉDITO MÚTUO DOS SERVIDORES MUNICIPAIS DE MINEIROS/GOIÁS;7226799;b3S;;I;2;MINEIROS;GO;03/2006;5;0;0;0;0;5;0;0;0;0;0;0;0;0;5;0;0;5;0;32;37
COOPERATIVA DE ECONOMIA E CRÉDITO MÚTUO DOS EMPREGADOS DA SIDERURGIA SANTO ANTONIO LTDA.;25481565;b3S;;I;2;ITAUNA;MG;03/2006;0;0;0;0;0;0;0;0;0;0;0;0;0;0;0;0;8;8;0;27;34
COOPERATIVA DE ECONOMIA E CRÉDITO MÚTUO DOS ADVOGADOS DA REGIÃO METROPOLITANA DE BELÉM/PARÁ - COOPECAD;4524629;b3S;;I;2;BELEM;PA;03/2006;0;0;0;0;0;0;0;0;0;0;0;0;0;0;0;0;0;0;0;32;33
COOPERATIVA DE CRÉDITO MÚTUO DOS TRABALHADORES EM ESTABELECIMENTOS DE ENSINO DE PRESIDENTE PRUDENTE E REGIÃO;6049517;b3S;;I;2;PRESIDENTE PRUDENTE;SP;03/2006;0;0;0;0;0;0;0;0;0;0;0;0;0;0;0;0;0;0;0;32;32
COOPERATIVA DE ECONOMIA E CREDITO MÚTUO DOS EMPREGADOS DA EMPRESA SONDA DO BRASIL S/A - COOPERSONDAIMARÉS;7168807;b3S;;I;2;SAO PAULO;SP;03/2006;0;0;0;0;0;0;0;0;0;0;0;0;0;0;0;0;0;0;0;32;32
COOPERATIVA DE ECONOMIA E CREDITO MUTUO DOS ADVOGADOS DO ESTADO DA BAHIA LTDA - SICOOB ADCRED;4669697;b3S;;I;2;SALVADOR;BA;03/2006;88;0;0;0;67;155;0;0;0;0;0;0;0;47;202;0;19;221;0;-192;29
COOPERATIVA DE CRÉDITO MÚTUO DOS TRABALHADORES DO SISTEMA FINANCEIRO DE CURITIBA E REGIÃO - COOPCREFI;6942423;b3S;;I;2;CURITIBA;PR;03/2006;0;0;0;0;0;0;0;0;0;0;0;0;0;0;0;0;0;0;0;27;27
COOPERATIVA DE ECONOMIA E CRÉDITO MÚTUO BANCÁRIOS DE ARAXÁ E CIDADES LIMÍTROFES LTDA;1348954;b3S;;I;2;ARAXA;MG;03/2006;0;0;0;0;0;0;0;0;0;0;0;0;0;0;0;0;1;1;0;24;25
COOPERATIVA DE CRÉDITO DA AGRICULTURA FAMILIAR SOLIDÁRIA DE ARAPONGA - ECOSOL ARAPONGA-MG;7016503;b3S;;I;2;ARAPONGA;MG;03/2006;0;0;0;10;0;10;0;0;0;0;0;0;0;0;10;0;0;10;0;11;21
COOPERATIVA DE CRÉDITO MÚTUO DOS DISTRIBUIDORES DE BEBIDAS DO ESTADO DE SÃO PAULO - SICOOB CREDIBESP;7753938;b3S;;I;2;SAO PAULO;SP;03/2006;0;0;0;0;0;0;0;0;0;0;0;0;0;0;0;0;0;0;0;20;20
COOPERATIVA DE CRÉDITO RURAL DA AGRICULTURA FAMILIAR COM INTEGRACAO SOLIDARIA DE RIO VERDE  - CREDI-RIO;5370947;b3S;;I;2;RIO VERDE;GO;03/2006;2;0;0;8;0;10;0;0;0;0;0;0;0;0;10;0;13;23;0;-3;20
COOPERATIVA DE CRÉDITO RURAL DE ECONOMIA SOLIDÁRIA DE TRIUNFO E FLORES - ECOSOL TRIUNFO/FLORES;6036510;b3S;;I;2;TRIUNFO;PE;03/2006;0;0;0;4;0;4;0;0;0;0;0;0;0;0;4;0;1;5;0;13;17
COOPERATIVA DE CRÉDITO RURAL DE DESENVOLVIMENTO SOLIDÁRIO DE COLATINA - CREDSOL;7475376;b3S;;I;2;COLATINA;ES;03/2006;3;0;0;7;0;10;0;0;0;0;0;0;0;0;10;0;0;10;0;5;16
COOPERATIVA DE CRÉDITO MÚTUO DOS FUNCIONÁRIOS DA JUNTA  COMERCIAL DO ESTADO DA PARAÍBA LTDA;2380717;b3S;;I;2;JOAO PESSOA;PB;03/2006;0;0;0;0;0;0;0;0;0;0;0;0;0;0;0;0;13;13;0;2;15
COOPERATIVA DE CRÉDITO DA AGRICULTURA FAMILIAR E ECONOMIA SOLIDÁRIA DE TOMBOS, PEDRA DOURADA E QUEIROZES, DISTRITO DE EUGENÓPOLIS - MG - ECOSOL TOMBOS;7208637;b3S;;I;2;TOMBOS;MG;03/2006;0;0;0;2;0;2;0;0;0;0;0;0;0;0;2;0;2;5;0;9;13
COOPERATIVA DE CRÉDITO RURAL DE JAGUARETAMA - ECOSOL;5407722;b3S;;I;2;JAGUARETAMA;CE;03/2006;0;0;0;0;0;0;0;0;0;0;0;0;0;10;10;0;0;10;0;3;13
CREDNORTE - COOPERATIVA DE CRÉDITO RURAL DA REGIÃO NORTE DO CEARÁ LTDA.;5025926;b3S;;I;2;MASSAPE;CE;03/2006;0;0;0;0;0;0;0;0;0;0;0;0;0;0;0;0;0;0;0;12;12
COOPERATIVA DE CRÉDITO MÚTUO DOS EMPREGADOS NA CAIXA ECONÔMICA FEDERAL NO ESTADO DE SÃO PAULO - APCEFCREDI-SP;7814673;b3S;;I;2;SAO PAULO;SP;03/2006;0;0;0;1;0;1;0;0;0;0;0;0;0;0;1;0;0;1;0;9;9
COOPERATIVA DE CREDITO RURAL DOS AGRICULTORES FAMILIARES DA MICRO REGIAO DO CRATO;6353310;b3S;;I;2;CRATO;CE;03/2006;0;0;0;0;0;0;0;0;0;0;0;0;0;0;0;0;0;0;0;8;8
COOPERATIVA DE CRÉDITO RURAL SOLIDÁRIO DE RIBEIRÃO BRANCO;6083191;b3S;;I;2;RIBEIRAO BRANCO;SP;03/2006;0;0;0;0;0;0;0;0;0;0;0;0;0;0;0;0;0;0;0;8;8
CREDIVALE - COOPERATIVA DE CRÉDITO RURAL DO BAIXO JAGUARIBE LTDA.;4866782;b3S;;I;2;LIMOEIRO DO NORTE;CE;03/2006;16;0;0;0;0;16;0;0;0;0;0;0;0;0;16;0;5;21;0;-14;8
COOPERATIVA DE ECONOMIA E CREDITO MUTUO DOS EMPREGADOS DA USINA BARCELOS LTDA;28901841;b3S;;I;2;SAO JOAO DA BARRA;RJ;03/2006;0;0;0;0;0;0;0;0;0;0;0;0;0;0;0;0;0;0;0;7;7
COOPERATIVA DE CRÉDITO RURAL DE ECONOMIA SOLIDÁRIA DE PETROLINA - ECOSOL PETROLINA;5413161;b3S;;I;2;PETROLINA;PE;03/2006;0;0;0;0;0;0;0;0;0;0;0;0;0;0;0;0;0;0;0;6;6
COOPERATIVA DE ECONOMIA E CRÉDITO MÚTUO DAS FORÇAS ARMADAS, DO CORPO DE BOMBEIROS E POLÍCIA MILITAR DO DISTRITO FEDERAL LTDA. - SICOOB CABECRED;4649337;b3S;;I;2;BRASILIA;DF;03/2006;0;0;0;0;2;2;0;0;0;0;0;0;0;56;57;0;0;58;0;-52;6
COOPERATIVA DE CRÉDITO MÚTUO DOS FUNCIONÁRIOS PÚBLICOS DO PODER JUDICIÁRIO DA CAPITAL DO ESTADO DE SÃO PAULO - SICOOB JUDCRED;7651495;b3S;;I;2;SAO PAULO;SP;03/2006;0;0;0;0;0;0;0;0;0;0;0;0;0;0;0;0;0;0;0;5;5
COOPERATIVA DE CRÉDITO RURAL DE ECONOMIA SOLIDÁRIA DO SERTÃO CENTRAL DE PERNAMBUCO - ECOSOL SERTÃO CENTRAL DE PERNAMBUCO;7913550;b3S;;I;2;SERRA TALHADA;PE;03/2006;0;0;0;0;0;0;0;0;0;0;0;0;0;0;0;0;0;0;0;5;5
COOPERATIVA DE CRÉDITO RURAL DE DESENVOLVIMENTO SOLIDÁRIO DE MONTANHA/ES - CREDSOL;7642803;b3S;;I;2;MONTANHA;ES;03/2006;0;0;0;0;0;0;0;0;0;0;0;0;0;0;0;0;0;0;0;5;5
COOPERATIVA DE CRÉDITO RURAL DE ECONOMIA SOLIDÁRIA DE NOVA IPIXUNA - ECOSOL NOVA IPIXUNA;6879529;b3S;;I;2;NOVA IPIXUNA;PA;03/2006;0;0;0;0;0;0;0;0;0;0;0;0;0;0;0;0;0;0;0;4;4
COOPERATIVA DE CRÉDITO MÚTUO DOS TRANSPORTADORES RODOVIÁRIOS DE TRANSPORTES DE VEÍCULOS DOS MUNICÍPIOS DE SANTO ANDRÉ, SÃO BERNARDO DO CAMPO, SÃO CAETANO DO SUL, DIADEMA, MAUÁ E RIBEIRÃO PIRES-CREDCEG;7789195;b3S;;I;2;SAO BERNARDO DO CAMPO;SP;03/2006;0;0;0;0;0;0;0;0;0;0;0;0;0;0;0;0;0;0;0;3;3
COOPERATIVA DE ECONOMIA E CRÉDITO MÚTUO DOS FUNCIONÁRIOS DO SISTEMA FACULDADE DE MEDICINA DO HOSPITAL DAS CLÍNICAS DE SÃO PAULO - COOPMED;8078179;b3S;;I;2;SAO PAULO;SP;03/2006;0;0;0;0;0;0;0;0;0;0;0;0;0;0;0;0;0;0;0;3;3
ACECREDI - COOPERATIVA DE ECONOMIA E CRÉDITO MÚTUO DOS ADMINISTRADORES, CONTABILISTAS E ECONOMISTAS DA REGIÃO METROPOLITANA DE FORTALEZA LTDA;4876519;b3S;;I;2;FORTALEZA;CE;03/2006;1;0;0;0;0;1;0;0;0;0;0;0;0;0;1;0;0;1;0;2;3
LIRA S.A. CORRETORA DE CAMBIO;67041053;n2;;I;2;SANTANA DE PARNAIBA;SP;03/2006;NI;NI;NI;NI;NI;NI;NI;NI;NI;NI;NI;NI;NI;NI;NI;NI;NI;NI;NI;NI;NI
COOPERATIVA DE ECONOMIA E CRÉDITO MÚTUO DOS COMERCIÁRIOS DE IGUATAMA LTDA.;66455718;b3S;;I;2;IGUATAMA;MG;03/2006;NI;NI;NI;NI;NI;NI;NI;NI;NI;NI;NI;NI;NI;NI;NI;NI;NI;NI;NI;NI;NI
COOPERATIVA DE ECONOMIA E CREDITO MUTUO DOS FUNCIONARIOS DA SANTA CASA DE CASTELO LTDA;39359450;b3S;;I;2;CASTELO;ES;03/2006;NI;NI;NI;NI;NI;NI;NI;NI;NI;NI;NI;NI;NI;NI;NI;NI;NI;NI;NI;NI;NI
COOPERATIVA DE CREDITO RURAL DO PANTANAL;36946317;b3S;;I;2;POCONE;MT;03/2006;NI;NI;NI;NI;NI;NI;NI;NI;NI;NI;NI;NI;NI;NI;NI;NI;NI;NI;NI;NI;NI
COOPERATIVA DE ECONOMIA E CREDITO MUTUO DOS EMPREGADOS EM GRUPO BUAIZ;28150068;b3S;;I;2;VITORIA;ES;03/2006;NI;NI;NI;NI;NI;NI;NI;NI;NI;NI;NI;NI;NI;NI;NI;NI;NI;NI;NI;NI;NI
ADIPAR DISTRIBUIDORA DE TITULOS E VALORES MOBILIARIOS LTDA;17355314;n2;;I;2;RIO DE JANEIRO;RJ;03/2006;NI;NI;NI;NI;NI;NI;NI;NI;NI;NI;NI;NI;NI;NI;NI;NI;NI;NI;NI;NI;NI
COOPERATIVA DE CRÉDITO RURAL DE ECONOMIA SOLIDÁRIA DO SUBMÉDIO SÃO FRANCISCO - ECOSOL SUBMÉDIO SÃO FRANCISCO;5875674;b3S;;I;2;CURACA;BA;03/2006;NI;NI;NI;NI;NI;NI;NI;NI;NI;NI;NI;NI;NI;NI;NI;NI;NI;NI;NI;NI;NI
COOPERATIVA DE CRÉDITO RURAL DOS PEQUENOS PRODUTORES DO CARIRI OESTE - ECOSOL CARIRI OESTE;5431805;b3S;;I;2;ASSARE;CE;03/2006;NI;NI;NI;NI;NI;NI;NI;NI;NI;NI;NI;NI;NI;NI;NI;NI;NI;NI;NI;NI;NI
COOPERATIVA DE CRÉDITO RURAL DE ECONOMIA SOLIDÁRIA DO VALE DO  SÃO FRANCISCO - ECOSOL VALE DO SÃO FRANCISCO;5413165;b3S;;I;2;LAGOA GRANDE;PE;03/2006;NI;NI;NI;NI;NI;NI;NI;NI;NI;NI;NI;NI;NI;NI;NI;NI;NI;NI;NI;NI;NI
COOPERATIVA DE CRÉDITO RURAL DA AGRICULTURA FAMILIAR COM INTERACAO SOLIDARIA DE DOVERLÂNDIA - GOIÁS;5282417;b3S;;I;2;DOVERLANDIA;GO;03/2006;NI;NI;NI;NI;NI;NI;NI;NI;NI;NI;NI;NI;NI;NI;NI;NI;NI;NI;NI;NI;NI
COOPERATIVA DE ECONOMIA E CRÉDITO MÚTUO DOS PROFISSIONAIS DA CONTABILIDADE DA REGIÃO TOCANTINA - COOPERCON;4456725;b3S;;I;2;IMPERATRIZ;MA;03/2006;NI;NI;NI;NI;NI;NI;NI;NI;NI;NI;NI;NI;NI;NI;NI;NI;NI;NI;NI;NI;NI
COOPERATIVA DE CREDITO RURAL DE CHAPADAO DO SUL E REGIAO;3562230;b3S;;I;2;CHAPADAO DO SUL;MS;03/2006;NI;NI;NI;NI;NI;NI;NI;NI;NI;NI;NI;NI;NI;NI;NI;NI;NI;NI;NI;NI;NI
COOPERATIVA DE ECONOMIA E CREDITO MUTUO DOS SERVIDORES DA SECRETARIA DE SEGURANCA PUBLICA DO ESTADO DO ESPIRITO SANTO;3437037;b3S;;I;2;VITORIA;ES;03/2006;NI;NI;NI;NI;NI;NI;NI;NI;NI;NI;NI;NI;NI;NI;NI;NI;NI;NI;NI;NI;NI
COOPERATIVA DE ECONOMIA E CREDITO MUTUO DOS SERVIDORES DA JUSTICA FEDERAL;3035808;b3S;;I;2;RIO DE JANEIRO;RJ;03/2006;NI;NI;NI;NI;NI;NI;NI;NI;NI;NI;NI;NI;NI;NI;NI;NI;NI;NI;NI;NI;NI
COOPERATIVA DE ECONOMIA E CRÉDITO MÚTUO DA ALIANÇA MÉDICOS DEMAIS PROF.SAÚDE REGIÃO BAIXA MOGIANA;2202101;b3S;;I;2;MOGI-GUACU;SP;03/2006;NI;NI;NI;NI;NI;NI;NI;NI;NI;NI;NI;NI;NI;NI;NI;NI;NI;NI;NI;NI;NI
AGENDA DISTRIBUIDORA DE TITULOS E VALORES MOBILIARIOS LTDA;271457;n2;;I;2;RIO DE JANEIRO;RJ;03/2006;NI;NI;NI;NI;NI;NI;NI;NI;NI;NI;NI;NI;NI;NI;NI;NI;NI;NI;NI;NI;NI
COOPERATIVA DE CREDITO RURAL DO VALE DO PARAIBA LTDA.;177554;b3S;;I;2;RESENDE;RJ;03/2006;NI;NI;NI;NI;NI;NI;NI;NI;NI;NI;NI;NI;NI;NI;NI;NI;NI;NI;NI;NI;NI
PONTUAL;20224;n1;;I;2;;;03/2006;NI;NI;NI;NI;NI;NI;NI;NI;NI;NI;NI;NI;NI;NI;NI;NI;NI;NI;NI;NI;NI
